0.000000 0.009624 0.010234 0.055917 0.068344 0.051634 0.055843 0.016218 0.059017 0.020892 0.070666 0.061012 0.048687 0.025003 0.032304 0.054041 0.060317 0.068909 0.077179 0.070644 0.074126 0.033420 0.068366 0.059355 0.082228 0.075736 0.074678 0.063587 0.078005 0.093190 0.064705 0.093489 0.070897 0.089486 0.102037 0.068694 0.098800 0.159082 0.195203 1.316981 1.907214 2.253216 2.783629 3.386808 0.157868 0.168297 0.987294 1.337820 1.826637 2.379258 2.963303 3.372533 0.197109 0.789617 1.182163 1.772841 2.257297 2.457979 3.163352 3.497360 1.221925 1.439853 1.705587 1.924741 2.420174 2.906303 3.204354 3.917752 1.597356 1.906022 2.223909 2.296828 2.810307 3.165912 3.674391 4.142094 2.436777 2.563074 2.695267 2.995448 3.178668 3.728849 3.997157 4.466578 3.000714 2.980905 3.203958 3.490812 3.668805 4.070986 4.309153 4.663243 3.490404 3.677733 3.841693 3.861542 4.119710 4.432817 4.794186 4.964008 
0.009624 0.000000 0.012283 0.049410 0.057830 0.044178 0.056574 0.007209 0.052415 0.012489 0.062375 0.050717 0.050464 0.031045 0.029786 0.049304 0.053751 0.060767 0.074187 0.065981 0.067056 0.030382 0.060516 0.051098 0.077325 0.070868 0.069450 0.058390 0.072639 0.083249 0.064065 0.086241 0.065667 0.082041 0.093599 0.062030 0.085455 0.143439 0.180853 1.329149 1.918027 2.261399 2.787639 3.385144 0.144313 0.153641 0.999031 1.349221 1.837764 2.379925 2.958738 3.368869 0.185475 0.806476 1.200388 1.786709 2.265743 2.464191 3.161253 3.491806 1.249241 1.460667 1.726689 1.939654 2.429881 2.908947 3.202860 3.910021 1.635447 1.935451 2.245595 2.312525 2.817346 3.166950 3.669096 4.132929 2.470719 2.583756 2.714323 3.007189 3.184259 3.724134 3.988834 4.451909 3.030088 3.003511 3.217448 3.498343 3.669538 4.064854 4.299118 4.651444 3.514219 3.694498 3.851952 3.866121 4.120007 4.427629 4.783818 4.952300 
0.010234 0.012283 0.000000 0.050167 0.065726 0.046096 0.049172 0.019149 0.054212 0.017086 0.066527 0.060344 0.041611 0.019944 0.023716 0.045634 0.055439 0.065312 0.069527 0.065739 0.068569 0.025109 0.064221 0.054925 0.075074 0.070174 0.069789 0.055975 0.072957 0.087176 0.057719 0.087954 0.064705 0.084185 0.095918 0.063153 0.097067 0.151357 0.181347 1.384150 1.974541 2.316357 2.839998 3.436000 0.147186 0.157101 1.041197 1.399474 1.887646 2.428616 3.003760 3.413211 0.180026 0.827251 1.231911 1.823799 2.305496 2.506765 3.200671 3.531200 1.262232 1.480285 1.750854 1.969139 2.458922 2.940066 3.236505 3.940833 1.643544 1.947161 2.259914 2.333936 2.839403 3.190448 3.692696 4.157146 2.471535 2.585021 2.721300 3.016147 3.198301 3.738599 4.004064 4.468067 3.024366 3.002422 3.218589 3.499839 3.677580 4.073123 4.309616 4.664323 3.505200 3.687751 3.848030 3.865614 4.121732 4.431693 4.790088 4.959943 
0.055917 0.049410 0.050167 0.000000 0.037362 0.011022 0.060193 0.049797 0.011475 0.041581 0.028843 0.046391 0.058154 0.059470 0.032004 0.023233 0.013105 0.026888 0.064892 0.045187 0.030260 0.029889 0.025846 0.016367 0.059578 0.051359 0.048282 0.028065 0.052606 0.047291 0.062826 0.063690 0.039502 0.056003 0.069130 0.022722 0.074861 0.113250 0.131810 1.451064 2.021363 2.337702 2.828822 3.403391 0.105589 0.112633 1.083020 1.446139 1.915426 2.398593 2.940650 3.350514 0.129284 0.858092 1.265273 1.832615 2.284247 2.478887 3.128688 3.448649 1.304059 1.491134 1.766237 1.962136 2.416548 2.866819 3.151965 3.830964 1.718290 1.974986 2.247823 2.305133 2.767621 3.095641 3.575466 4.030420 2.492668 2.544038 2.679332 2.942815 3.105824 3.609874 3.865170 4.311973 3.013419 2.964449 3.143790 3.401297 3.559520 3.932722 4.160009 4.513781 3.467719 3.620831 3.756416 3.754588 3.997226 4.291290 4.636699 4.804876 
0.068344 0.057830 0.065726 0.037362 0.000000 0.031011 0.089737 0.055027 0.033272 0.051310 0.032862 0.018730 0.087608 0.083601 0.055348 0.057979 0.035725 0.026333 0.103075 0.070135 0.056748 0.053551 0.032912 0.021655 0.094111 0.079801 0.072041 0.063091 0.077498 0.068423 0.095944 0.090752 0.069972 0.081598 0.097496 0.050737 0.050366 0.128940 0.164923 1.163852 1.751139 2.086606 2.603205 3.197808 0.139406 0.141290 0.834380 1.176354 1.662378 2.180782 2.751395 3.165126 0.187422 0.676699 1.050026 1.619031 2.081249 2.273918 2.954808 3.281564 1.167904 1.339332 1.592022 1.780195 2.254786 2.713270 2.997158 3.697414 1.587452 1.846673 2.126419 2.163568 2.641426 2.973630 3.462442 3.921565 2.420894 2.484303 2.599116 2.864769 3.015179 3.528962 3.785477 4.235878 2.981914 2.918089 3.096818 3.359077 3.498165 3.876848 4.099674 4.448462 3.457978 3.607094 3.736097 3.724197 3.962405 4.252433 4.594543 4.759570 
0.051634 0.044178 0.046096 0.011022 0.031011 0.000000 0.063644 0.043300 0.018698 0.034714 0.032789 0.037588 0.060519 0.058141 0.030700 0.028943 0.021249 0.028845 0.072109 0.052985 0.040318 0.028546 0.030317 0.011937 0.068229 0.059518 0.056005 0.036775 0.060441 0.056666 0.067775 0.072679 0.048383 0.065237 0.078692 0.033027 0.073089 0.120856 0.140641 1.426260 2.001276 2.320858 2.813817 3.386754 0.117355 0.123365 1.065224 1.428307 1.903559 2.389762 2.933930 3.342390 0.142962 0.852799 1.263139 1.833062 2.284363 2.476215 3.126970 3.445497 1.315597 1.503091 1.775998 1.970115 2.426173 2.874007 3.155925 3.835226 1.733424 1.992433 2.266466 2.320164 2.782185 3.108402 3.586850 4.040230 2.515579 2.570440 2.702442 2.965216 3.125170 3.628164 3.882519 4.328638 3.039192 2.990281 3.169729 3.427224 3.581984 3.954850 4.180487 4.532217 3.494921 3.648565 3.783886 3.781214 4.022754 4.315647 4.659676 4.826823 
0.055843 0.056574 0.049172 0.060193 0.089737 0.063644 0.000000 0.063050 0.061989 0.058476 0.075451 0.091776 0.009438 0.037274 0.038090 0.045718 0.062208 0.076510 0.029560 0.054778 0.067267 0.039549 0.072564 0.071771 0.050016 0.054025 0.059549 0.048938 0.060659 0.086355 0.011240 0.076801 0.053334 0.076165 0.085635 0.063997 0.127218 0.191116 0.225520 1.389856 2.016802 2.371277 2.912414 3.531041 0.157617 0.182362 0.984951 1.384727 1.892748 2.482787 3.072694 3.478915 0.189522 0.712890 1.136293 1.771710 2.293004 2.517791 3.236359 3.580717 1.086456 1.341003 1.641862 1.894018 2.409439 2.925956 3.247197 3.963437 1.467560 1.798150 2.137049 2.244291 2.781920 3.156900 3.679478 4.158465 2.303079 2.444876 2.594089 2.912429 3.124307 3.692764 3.970141 4.455798 2.856939 2.853921 3.093166 3.388887 3.599568 4.011870 4.264626 4.632393 3.343710 3.542540 3.720990 3.757353 4.028810 4.357141 4.734021 4.911676 
0.016218 0.007209 0.019149 0.049797 0.055027 0.043300 0.063050 0.000000 0.052746 0.012131 0.062854 0.046005 0.056998 0.038303 0.032998 0.052163 0.054322 0.060650 0.081733 0.069574 0.069659 0.033213 0.060972 0.049804 0.083723 0.075475 0.073248 0.061718 0.076937 0.087209 0.071004 0.091700 0.069468 0.086729 0.099751 0.064033 0.085475 0.146323 0.182455 1.301356 1.890396 2.234429 2.760987 3.357779 0.150539 0.157977 0.976476 1.322879 1.812541 2.353721 2.933584 3.343692 0.190982 0.793498 1.183334 1.767705 2.245152 2.442035 3.138568 3.468228 1.240935 1.448445 1.714718 1.924527 2.414404 2.891001 3.182747 3.889389 1.634018 1.930940 2.239033 2.301604 2.804410 3.151891 3.652298 4.114831 2.472864 2.582789 2.710771 3.001075 3.174390 3.711564 3.975053 4.436626 3.034343 3.004286 3.215148 3.494398 3.661040 4.054660 4.287056 4.637862 3.518539 3.696143 3.850811 3.862220 4.114062 4.419420 4.773545 4.941123 
0.059017 0.052415 0.054212 0.011475 0.033272 0.018698 0.061989 0.052746 0.000000 0.046307 0.018402 0.044411 0.060905 0.063309 0.038206 0.029967 0.002908 0.017388 0.064606 0.041786 0.023841 0.036494 0.015450 0.016266 0.057012 0.048126 0.043569 0.030655 0.047818 0.036594 0.063923 0.056531 0.037626 0.048233 0.060917 0.017396 0.066235 0.104959 0.125100 1.403650 1.969397 2.285753 2.779399 3.359438 0.095167 0.102584 1.040508 1.395676 1.858983 2.343814 2.889162 3.301761 0.121637 0.825914 1.216667 1.774041 2.225910 2.422078 3.076230 3.398776 1.265580 1.442022 1.710604 1.903552 2.358691 2.811203 3.098286 3.781437 1.675625 1.925192 2.195043 2.248859 2.712586 3.041781 3.523986 3.981446 2.452465 2.498089 2.631253 2.893484 3.054458 3.559928 3.816013 4.263847 2.978884 2.923465 3.099677 3.356788 3.511619 3.885512 4.112826 4.467638 3.435691 3.584931 3.717176 3.711984 3.953709 4.247089 4.592560 4.761016 
0.020892 0.012489 0.017086 0.041581 0.051310 0.034714 0.058476 0.012131 0.046307 0.000000 0.057838 0.045012 0.052032 0.036044 0.023834 0.042487 0.047913 0.055913 0.075863 0.064983 0.063523 0.023723 0.055828 0.042972 0.077928 0.070551 0.068673 0.053460 0.072367 0.080995 0.065999 0.086674 0.063349 0.081714 0.094026 0.057540 0.085902 0.138691 0.167250 1.380300 1.968796 2.306256 2.822126 3.408740 0.138984 0.145942 1.041704 1.395927 1.884107 2.409118 2.975766 3.384934 0.171904 0.839669 1.243383 1.828170 2.299970 2.496189 3.176575 3.501448 1.292814 1.499280 1.768925 1.976809 2.457782 2.926070 3.214811 3.909769 1.691742 1.980904 2.281076 2.344105 2.834849 3.175655 3.667762 4.126081 2.512815 2.607029 2.738859 3.021570 3.192800 3.717558 3.977544 4.432598 3.058997 3.026269 3.228342 3.500457 3.666208 4.051939 4.282277 4.633559 3.531860 3.703470 3.853534 3.862177 4.111354 4.412944 4.763633 4.931204 
0.070666 0.062375 0.066527 0.028843 0.032862 0.032789 0.075451 0.062854 0.018402 0.057838 0.000000 0.047521 0.075274 0.078419 0.052114 0.045517 0.018226 0.008539 0.078505 0.048785 0.029518 0.050496 0.003209 0.025022 0.067540 0.056299 0.048711 0.044296 0.053239 0.033424 0.077792 0.059925 0.047275 0.050721 0.063234 0.026633 0.060282 0.109112 0.137181 1.253299 1.831606 2.154567 2.658987 3.252431 0.096206 0.104499 0.887779 1.243474 1.716086 2.215667 2.773671 3.191644 0.138806 0.693048 1.070183 1.633529 2.093911 2.293187 2.962262 3.290788 1.151393 1.318181 1.580890 1.771506 2.235863 2.695225 2.985976 3.680879 1.571177 1.815811 2.085525 2.131091 2.601942 2.935006 3.423997 3.886816 2.370294 2.411688 2.538177 2.800281 2.956836 3.468480 3.726727 4.177989 2.914213 2.847322 3.020342 3.278998 3.426148 3.803536 4.030729 4.386396 3.380386 3.524334 3.651425 3.640137 3.880424 4.172962 4.518774 4.687204 
0.061012 0.050717 0.060344 0.046391 0.018730 0.037588 0.091776 0.046005 0.044411 0.045012 0.047521 0.000000 0.088483 0.079844 0.055394 0.063758 0.046816 0.042404 0.110073 0.077317 0.068577 0.053919 0.046965 0.033249 0.102691 0.087354 0.080321 0.070950 0.085911 0.084310 0.099752 0.102056 0.078113 0.093053 0.110903 0.062024 0.053638 0.142823 0.187976 1.106951 1.702454 2.049096 2.579241 3.179755 0.162943 0.163751 0.792991 1.128091 1.623743 2.160816 2.746769 3.161139 0.219268 0.646652 1.016190 1.593967 2.067268 2.261034 2.957960 3.286565 1.135085 1.316042 1.572476 1.765784 2.255265 2.723176 3.008317 3.714770 1.557935 1.832252 2.125892 2.164121 2.656914 2.994971 3.488488 3.947340 2.420372 2.501040 2.615100 2.889498 3.042199 3.564192 3.821815 4.275118 2.996731 2.938516 3.126571 3.394820 3.534961 3.917977 4.140786 4.486426 3.481523 3.637564 3.771581 3.763274 4.002825 4.294462 4.637250 4.801067 
0.048687 0.050464 0.041611 0.058154 0.087608 0.060519 0.009438 0.056998 0.060905 0.052032 0.075274 0.088483 0.000000 0.028384 0.032387 0.043358 0.061299 0.075914 0.037753 0.057387 0.068217 0.034192 0.072289 0.069570 0.055655 0.057790 0.062481 0.048892 0.064233 0.088973 0.020295 0.081482 0.055378 0.079847 0.090933 0.064174 0.126647 0.190372 0.220739 1.410439 2.034709 2.386166 2.920801 3.530759 0.163322 0.184641 1.011210 1.408845 1.917588 2.495226 3.078241 3.484080 0.193231 0.741652 1.171492 1.806221 2.320092 2.539705 3.248327 3.587912 1.137837 1.388279 1.685446 1.932484 2.442138 2.948883 3.263501 3.973422 1.522085 1.848917 2.183233 2.284613 2.813060 3.181074 3.696747 4.171060 2.355240 2.489495 2.637753 2.949817 3.155329 3.714827 3.988774 4.468477 2.904331 2.898740 3.132203 3.423375 3.627678 4.034772 4.283760 4.648554 3.386508 3.581749 3.756384 3.789316 4.057192 4.381220 4.753732 4.929706 
0.025003 0.031045 0.019944 0.059470 0.083601 0.058141 0.037274 0.038303 0.063309 0.036044 0.078419 0.079844 0.028384 0.000000 0.028705 0.050065 0.064342 0.077292 0.063960 0.068764 0.076649 0.030899 0.075342 0.067942 0.076670 0.071619 0.074035 0.059773 0.077048 0.100197 0.047915 0.096032 0.068088 0.092747 0.106497 0.070948 0.125599 0.182708 0.205526 1.451898 2.067238 2.424759 2.953795 3.546086 0.172245 0.184712 1.077786 1.462446 1.973631 2.458026 3.036769 3.520459 0.195239 0.833409 1.264798 1.881059 2.378739 2.593535 3.292877 3.628191 1.204483 1.442753 1.791498 2.018733 2.515644 3.008531 3.315438 4.034381 1.655982 1.978475 2.296224 2.377528 2.891280 3.251549 3.769092 4.255518 2.486886 2.547560 2.758338 3.050874 3.243406 3.797182 4.074195 4.487819 3.032652 3.024191 3.244984 3.530220 3.721803 4.126583 4.375210 4.749583 3.518351 3.709070 3.877311 3.900087 4.165594 4.486501 4.857970 5.036173 
0.032304 0.029786 0.023716 0.032004 0.055348 0.030700 0.038090 0.032998 0.038206 0.023834 0.052114 0.055394 0.032387 0.028705 0.000000 0.021864 0.039107 0.051866 0.052247 0.049940 0.049673 0.002379 0.049643 0.040494 0.056855 0.053333 0.054763 0.032942 0.057976 0.068481 0.043849 0.073224 0.044867 0.068061 0.081145 0.044250 0.093893 0.146570 0.165641 1.498788 2.090312 2.418792 2.921251 3.498669 0.135538 0.146334 1.119637 1.499665 1.988502 2.499535 3.050521 3.457002 0.159938 0.870655 1.303006 1.902970 2.374749 2.574683 3.238091 3.560120 1.314894 1.533309 1.818814 2.033899 2.506959 2.972007 3.262719 3.946020 1.721027 2.010027 2.307389 2.381137 2.863633 3.202090 3.689360 4.146261 2.518210 2.602220 2.743850 3.023878 3.201143 3.719456 3.978805 4.432269 3.043397 3.015132 3.214553 3.482645 3.657452 4.039345 4.272170 4.627080 3.503594 3.674275 3.825420 3.837593 4.088350 4.391388 4.743759 4.913366 
0.054041 0.049304 0.045634 0.023233 0.057979 0.028943 0.045718 0.052163 0.029967 0.042487 0.045517 0.063758 0.043358 0.050065 0.021864 0.000000 0.029873 0.047177 0.049618 0.038106 0.035344 0.020319 0.042648 0.038374 0.047436 0.042166 0.044055 0.013717 0.047811 0.055408 0.047571 0.062908 0.029741 0.056072 0.070651 0.030010 0.096678 0.139129 0.154024 1.522118 2.109361 2.429445 2.922217 3.495485 0.124306 0.135632 1.120643 1.511185 1.994433 2.490595 3.032086 3.438580 0.144906 0.850894 1.291779 1.891463 2.358587 2.559934 3.211644 3.532125 1.289303 1.504575 1.798620 2.012427 2.476904 2.936945 3.227718 3.903675 1.708267 1.986762 2.275006 2.348896 2.821923 3.156401 3.639076 4.094613 2.489623 2.556712 2.700844 2.974134 3.149634 3.660252 3.917970 4.368515 3.004693 2.970224 3.161021 3.423376 3.596635 3.973650 4.205899 4.562055 3.456905 3.620017 3.765549 3.774282 4.022618 4.323068 4.674011 4.844191 
0.060317 0.053751 0.055439 0.013105 0.035725 0.021249 0.062208 0.054322 0.002908 0.047913 0.018226 0.046816 0.061299 0.064342 0.039107 0.029873 0.000000 0.018523 0.064194 0.040222 0.021001 0.037434 0.015188 0.019192 0.055948 0.046746 0.042006 0.029439 0.046373 0.034160 0.063929 0.055119 0.035879 0.046343 0.059546 0.014642 0.067773 0.105827 0.125448 1.406474 1.972303 2.288054 2.781234 3.361603 0.094886 0.102703 1.039487 1.396699 1.859534 2.344364 2.889227 3.301818 0.120961 0.820211 1.212705 1.770801 2.223586 2.420708 3.074685 3.397583 1.257882 1.435229 1.704971 1.898683 2.354037 2.807315 3.095233 3.778284 1.668263 1.917619 2.187750 2.242665 2.706736 3.036454 3.519050 3.976948 2.443941 2.489134 2.623008 2.885527 3.047352 3.553312 3.809723 4.258050 2.969707 2.914422 3.090792 3.347996 3.503793 3.877986 4.105847 4.461204 3.426147 3.575374 3.707823 3.703025 3.945099 4.238960 4.585023 4.753802 
0.068909 0.060767 0.065312 0.026888 0.026333 0.028845 0.076510 0.060650 0.017388 0.055913 0.008539 0.042404 0.075914 0.077292 0.051866 0.047177 0.018523 0.000000 0.081673 0.054456 0.035513 0.050191 0.008583 0.018757 0.072917 0.062136 0.054968 0.047918 0.059569 0.042785 0.079515 0.067657 0.052836 0.059241 0.071432 0.030880 0.059000 0.107259 0.134860 1.261515 1.836068 2.159599 2.664249 3.255729 0.100774 0.106332 0.907530 1.256788 1.728027 2.226378 2.784402 3.201325 0.139122 0.722852 1.098090 1.655161 2.111841 2.308430 2.976815 3.303901 1.184106 1.350030 1.608603 1.796835 2.259681 2.716465 3.004645 3.698928 1.599333 1.845220 2.114737 2.158476 2.628030 2.959515 3.446965 3.908154 2.399319 2.444005 2.568628 2.830403 2.985288 3.495362 3.752599 4.202472 2.944001 2.878242 3.051659 3.310184 3.455638 3.832091 4.057901 4.412030 3.410678 3.555523 3.682840 3.671299 3.910896 4.202382 4.546735 4.714344 
0.077179 0.074187 0.069527 0.064892 0.103075 0.072109 0.029560 0.081733 0.064606 0.075863 0.078505 0.110073 0.037753 0.063960 0.052247 0.049618 0.064194 0.081673 0.000000 0.042946 0.063316 0.052837 0.075253 0.079750 0.026918 0.037891 0.047946 0.045706 0.046928 0.081364 0.018983 0.063330 0.043092 0.064941 0.072846 0.062200 0.145952 0.206838 0.234806 1.371997 2.006764 2.358725 2.897504 3.519695 0.158872 0.189590 0.934752 1.351293 1.860893 2.452654 3.040117 3.448339 0.186522 0.635597 1.061131 1.710044 2.241068 2.473554 3.191630 3.539045 0.990791 1.247840 1.557417 1.819206 2.337438 2.861106 3.189391 3.904685 1.371728 1.703236 2.043314 2.159580 2.700929 3.080054 3.605584 4.088272 2.205599 2.340231 2.495609 2.815603 3.033543 3.605261 3.885110 4.374704 2.756761 2.751701 2.990309 3.286065 3.502986 3.917190 4.174107 4.546416 3.241067 3.437426 3.615523 3.653380 3.926886 4.258347 4.639774 4.820052 
0.070644 0.065981 0.065739 0.045187 0.070135 0.052985 0.054778 0.069574 0.041786 0.064983 0.048785 0.077317 0.057387 0.068764 0.049940 0.038106 0.040222 0.054456 0.042946 0.000000 0.028563 0.049271 0.046890 0.056011 0.022536 0.008463 0.008862 0.026245 0.011793 0.037946 0.051558 0.029109 0.010160 0.023742 0.037512 0.032152 0.092616 0.130339 0.152701 1.444407 2.034005 2.354811 2.856255 3.451367 0.095568 0.115357 1.017383 1.413858 1.887917 2.405957 2.956763 3.366706 0.120440 0.722822 1.142007 1.743190 2.227903 2.444111 3.114063 3.447503 1.108507 1.323355 1.616907 1.845077 2.319448 2.801831 3.110824 3.801093 1.503815 1.783885 2.079746 2.168596 2.659800 3.010283 3.509795 3.979613 2.283617 2.357394 2.506021 2.790676 2.981167 3.513445 3.780912 4.247894 2.806581 2.772574 2.972702 3.243717 3.431858 3.822554 4.066323 4.432990 3.266722 3.433168 3.584547 3.599978 3.856745 4.168984 4.533977 4.710236 
0.074126 0.067056 0.068569 0.030260 0.056748 0.040318 0.067267 0.069659 0.023841 0.063523 0.029518 0.068577 0.068217 0.076649 0.049673 0.035344 0.021001 0.035513 0.063316 0.028563 0.000000 0.048209 0.027233 0.040287 0.048638 0.036583 0.029540 0.026527 0.034796 0.020998 0.067035 0.043234 0.024941 0.031657 0.048441 0.007777 0.086473 0.123688 0.140281 1.417981 1.993205 2.306423 2.796539 3.379298 0.099061 0.113758 1.010849 1.395059 1.862780 2.353502 2.894876 3.304842 0.128343 0.746693 1.165368 1.746780 2.209187 2.412884 3.065998 3.391640 1.179942 1.371777 1.656596 1.862542 2.320458 2.780268 3.074797 3.757217 1.598914 1.854590 2.129612 2.195286 2.663454 2.997880 3.484121 3.945825 2.370287 2.418182 2.556817 2.823076 2.993174 3.505154 3.764940 4.219469 2.889727 2.838788 3.019265 3.278549 3.444138 3.822624 4.056022 4.415940 3.343402 3.495143 3.631615 3.632384 3.878464 4.178021 4.530763 4.702545 
0.033420 0.030382 0.025109 0.029889 0.053551 0.028546 0.039549 0.033213 0.036494 0.023723 0.050496 0.053919 0.034192 0.030899 0.002379 0.020319 0.037434 0.050191 0.052837 0.049271 0.048209 0.000000 0.048029 0.038521 0.056701 0.052830 0.054072 0.031749 0.057370 0.066922 0.045009 0.072448 0.044018 0.067069 0.080253 0.042673 0.092306 0.144466 0.163234 1.500222 2.090550 2.417883 2.918791 3.494893 0.133798 0.144292 1.121151 1.500546 1.988762 2.496715 3.046243 3.452670 0.157965 0.873270 1.305308 1.903685 2.373487 2.572823 3.234036 3.555339 1.318834 1.535342 1.821007 2.034414 2.505770 2.968934 3.258692 3.940656 1.727036 2.013611 2.308894 2.381297 2.861508 3.198582 3.684511 4.140650 2.521991 2.603082 2.744317 3.022652 3.198558 3.714841 3.973512 4.425845 3.045925 3.016209 3.213718 3.480571 3.653919 4.034554 4.266654 4.621183 3.504938 3.674110 3.823896 3.834932 4.084805 4.386803 4.738255 4.907613 
0.068366 0.060516 0.064221 0.025846 0.032912 0.030317 0.072564 0.060972 0.015450 0.055828 0.003209 0.046965 0.072289 0.075342 0.049643 0.042648 0.015188 0.008583 0.075253 0.046890 0.027233 0.048029 0.000000 0.023146 0.064897 0.054171 0.047052 0.041446 0.051523 0.032715 0.074718 0.058316 0.044917 0.049262 0.061705 0.023857 0.061054 0.106428 0.132749 1.283678 1.858610 2.179883 2.681973 3.272900 0.094044 0.102088 0.918199 1.273437 1.743576 2.239675 2.794987 3.212093 0.133045 0.719181 1.098879 1.659863 2.118291 2.317060 2.983060 3.310489 1.173829 1.341460 1.604990 1.795913 2.257970 2.715967 3.006126 3.698700 1.591052 1.835782 2.105049 2.152152 2.621376 2.953672 3.441336 3.903180 2.384854 2.426334 2.554225 2.816173 2.973547 3.483857 3.741673 4.192180 2.925264 2.860224 3.033553 3.291759 3.440326 3.816916 4.044131 4.399735 3.389491 3.534141 3.661987 3.651693 3.892188 4.184806 4.530512 4.698987 
0.059355 0.051098 0.054925 0.016367 0.021655 0.011937 0.071771 0.049804 0.016266 0.042972 0.025022 0.033249 0.069570 0.067942 0.040494 0.038374 0.019192 0.018757 0.079750 0.056011 0.040287 0.038521 0.023146 0.000000 0.073669 0.063465 0.058067 0.043559 0.062776 0.053857 0.075819 0.073897 0.052756 0.065824 0.079282 0.033433 0.065199 0.114875 0.136317 1.357126 1.928301 2.249900 2.747993 3.327582 0.113700 0.118108 1.008231 1.359447 1.830754 2.320806 2.870997 3.282619 0.141205 0.814388 1.206596 1.765550 2.216539 2.408648 3.066365 3.387513 1.277860 1.453812 1.717542 1.906871 2.364818 2.814644 3.097431 3.782397 1.691212 1.944269 2.215816 2.263438 2.727732 3.054901 3.535852 3.991273 2.481909 2.533054 2.660778 2.922410 3.078546 3.582967 3.837675 4.284262 3.015427 2.959089 3.135411 3.392806 3.541725 3.915102 4.139644 4.491226 3.475916 3.625539 3.756854 3.749657 3.989477 4.280652 4.623574 4.790307 
0.082228 0.077325 0.075074 0.059578 0.094111 0.068229 0.050016 0.083723 0.057012 0.077928 0.067540 0.102691 0.055655 0.076670 0.056855 0.047436 0.055948 0.072917 0.026918 0.022536 0.048638 0.056701 0.064897 0.073669 0.000000 0.014543 0.026801 0.037544 0.024300 0.060908 0.042561 0.040117 0.026506 0.041778 0.049250 0.050501 0.130573 0.169539 0.187172 1.465134 2.087225 2.430250 2.949550 3.552019 0.128934 0.153652 1.011810 1.433141 1.934058 2.426437 2.993682 3.467113 0.149084 0.687038 1.129071 1.763732 2.276087 2.508758 3.199916 3.542121 1.013678 1.256595 1.614930 1.861668 2.356779 2.862625 3.186407 3.896811 1.457055 1.768472 2.083867 2.187244 2.702231 3.069177 3.588812 4.080370 2.264114 2.313772 2.521676 2.816946 3.023483 3.577365 3.857194 4.288183 2.795553 2.777441 2.992049 3.273612 3.479839 3.883728 4.140250 4.524735 3.268601 3.448728 3.612688 3.636969 3.905445 4.230900 4.610164 4.794306 
0.075736 0.070868 0.070174 0.051359 0.079801 0.059518 0.054025 0.075475 0.048126 0.070551 0.056299 0.087354 0.057790 0.071619 0.053333 0.042166 0.046746 0.062136 0.037891 0.008463 0.036583 0.052830 0.054171 0.063465 0.014543 0.000000 0.013129 0.030661 0.012223 0.046314 0.049220 0.030301 0.015667 0.028582 0.039313 0.039674 0.102588 0.143719 0.165780 1.431232 2.030228 2.355876 2.863265 3.463715 0.106494 0.128107 0.996859 1.399885 1.880138 2.411173 2.967900 3.377862 0.129546 0.694184 1.115928 1.728210 2.223083 2.443618 3.121792 3.458276 1.069674 1.293183 1.591758 1.828560 2.311175 2.802234 3.116038 3.810462 1.460245 1.751504 2.056469 2.152509 2.653442 3.009894 3.514648 3.987521 2.250305 2.334013 2.485839 2.777429 2.974396 3.514660 3.784954 4.256956 2.777421 2.748937 2.956386 3.232037 3.427078 3.822642 4.069834 4.438486 3.241313 3.413131 3.569703 3.589960 3.850365 4.167017 4.536247 4.713862 
0.074678 0.069450 0.069789 0.048282 0.072041 0.056005 0.059549 0.073248 0.043569 0.068673 0.048711 0.080321 0.062481 0.074035 0.054763 0.044055 0.042006 0.054968 0.047946 0.008862 0.029540 0.054072 0.047052 0.058067 0.026801 0.013129 0.000000 0.033047 0.005528 0.034149 0.056515 0.020843 0.018090 0.015671 0.029228 0.034278 0.095138 0.130529 0.153001 1.401123 1.987925 2.309019 2.813618 3.415831 0.091973 0.113661 0.977747 1.368317 1.836798 2.360004 2.914642 3.326011 0.118041 0.687013 1.093298 1.686847 2.173337 2.391967 3.068106 3.405365 1.059913 1.269316 1.559260 1.786942 2.262052 2.749012 3.061965 3.757921 1.449111 1.724982 2.020030 2.109066 2.603706 2.957734 3.462053 3.935943 2.227622 2.301529 2.448620 2.734836 2.926859 3.464857 3.734793 4.205974 2.754956 2.718321 2.919289 3.192316 3.381361 3.775755 4.021761 4.390576 3.218711 3.384570 3.535884 3.551170 3.809272 4.123685 4.491587 4.668975 
0.063587 0.058390 0.055975 0.028065 0.063091 0.036775 0.048938 0.061718 0.030655 0.053460 0.044296 0.070950 0.048892 0.059773 0.032942 0.013717 0.029439 0.047918 0.045706 0.026245 0.026527 0.031749 0.041446 0.043559 0.037544 0.030661 0.033047 0.000000 0.036872 0.046227 0.048270 0.052271 0.016636 0.044713 0.060108 0.023646 0.098379 0.136828 0.151248 1.517014 2.102119 2.419417 2.910738 3.487198 0.117666 0.131061 1.104423 1.498733 1.977508 2.473818 3.013890 3.420768 0.138559 0.819768 1.261028 1.861255 2.330077 2.534554 3.186467 3.509261 1.247603 1.463070 1.758668 1.975225 2.438761 2.901741 3.196265 3.873494 1.664342 1.940465 2.228022 2.305209 2.779236 3.115984 3.601131 4.059552 2.439905 2.504928 2.650365 2.924332 3.102730 3.616263 3.875803 4.329391 2.953251 2.917879 3.108826 3.371718 3.548130 3.927137 4.161908 4.520792 3.404962 3.567336 3.713122 3.722782 3.972573 4.275228 4.629090 4.800803 
0.078005 0.072639 0.072957 0.052606 0.077498 0.060441 0.060659 0.076937 0.047818 0.072367 0.053239 0.085911 0.064233 0.077048 0.057976 0.047811 0.046373 0.059569 0.046928 0.011793 0.034796 0.057370 0.051523 0.062776 0.024300 0.012223 0.005528 0.036872 0.000000 0.038928 0.056930 0.018597 0.021770 0.017468 0.027470 0.039383 0.101056 0.137218 0.160275 1.382746 1.973019 2.296844 2.805862 3.413341 0.095561 0.119025 0.956536 1.348290 1.818359 2.350284 2.909537 3.321347 0.121092 0.661776 1.065434 1.662871 2.155092 2.376944 3.059828 3.400045 1.024957 1.237400 1.528747 1.760898 2.240649 2.734176 3.051259 3.751374 1.408593 1.688960 1.988722 2.082230 2.583648 2.942412 3.451371 3.928320 2.190567 2.270774 2.419411 2.710393 2.906963 3.451622 3.724042 4.199568 2.721633 2.687728 2.893548 3.170085 3.363767 3.762294 4.011110 4.381787 3.188766 3.357848 3.512426 3.530730 3.791512 4.109341 4.480782 4.659359 
0.093190 0.083249 0.087176 0.047291 0.068423 0.056666 0.086355 0.087209 0.036594 0.080995 0.033424 0.084310 0.088973 0.100197 0.068481 0.055408 0.034160 0.042785 0.081364 0.037946 0.020998 0.066922 0.032715 0.053857 0.060908 0.046314 0.034149 0.046227 0.038928 0.000000 0.086241 0.039891 0.039670 0.027045 0.042054 0.027414 0.098095 0.144027 0.167313 1.250642 1.851365 2.176410 2.682729 3.282929 0.098247 0.122331 0.826038 1.219278 1.704082 2.222110 2.781511 3.198033 0.147624 0.571779 0.970473 1.573825 2.059705 2.273761 2.948518 3.282474 0.998366 1.184525 1.479045 1.693404 2.171477 2.648804 2.952687 3.647145 1.431854 1.691929 1.976123 2.041019 2.527045 2.870976 3.367303 3.835986 2.240221 2.284902 2.423465 2.694947 2.866607 3.389614 3.653379 4.114440 2.780454 2.720251 2.901228 3.164197 3.327940 3.712336 3.948531 4.311140 3.243679 3.391754 3.525419 3.523441 3.770130 4.071749 4.428343 4.601549 
0.064705 0.064065 0.057719 0.062826 0.095944 0.067775 0.011240 0.071004 0.063923 0.065999 0.077792 0.099752 0.020295 0.047915 0.043849 0.047571 0.063929 0.079515 0.018983 0.051558 0.067035 0.045009 0.074718 0.075819 0.042561 0.049220 0.056515 0.048270 0.056930 0.086241 0.000000 0.073435 0.050488 0.073700 0.082608 0.064402 0.134942 0.193673 0.226830 1.377133 2.005625 2.361063 2.905371 3.529588 0.156796 0.182258 0.965048 1.366403 1.873205 2.469749 3.063055 3.470087 0.185308 0.688021 1.104366 1.740569 2.267375 2.496706 3.220613 3.568250 1.043096 1.297755 1.601609 1.857790 2.376361 2.899791 3.226231 3.945716 1.420191 1.751481 2.092262 2.204465 2.747770 3.127455 3.654409 4.136728 2.254679 2.398534 2.549607 2.871642 3.088219 3.662020 3.941703 4.431137 2.810703 2.808328 3.050327 3.348428 3.563772 3.979064 4.234624 4.605033 3.299569 3.499590 3.679799 3.718047 3.991799 4.322931 4.702918 4.882022 
0.093489 0.086241 0.087954 0.063690 0.090752 0.072679 0.076801 0.091700 0.056531 0.086674 0.059925 0.102056 0.081482 0.096032 0.073224 0.062908 0.055119 0.067657 0.063330 0.029109 0.043234 0.072448 0.058316 0.073897 0.040117 0.030301 0.020843 0.052271 0.018597 0.039891 0.073435 0.000000 0.038352 0.014006 0.009457 0.048955 0.117961 0.155759 0.181595 1.247289 1.839829 2.167302 2.686567 3.312658 0.095623 0.127168 0.820626 1.206442 1.673655 2.222815 2.795772 3.210863 0.127024 0.541271 0.914891 1.506964 2.007549 2.236138 2.937603 3.287841 0.869524 1.073569 1.367844 1.601995 2.088654 2.595784 2.923141 3.639013 1.252945 1.528588 1.829747 1.924191 2.437798 2.806778 3.329090 3.816606 2.041103 2.123010 2.269812 2.566583 2.767733 3.329130 3.608382 4.096128 2.586280 2.546818 2.756760 3.039828 3.236310 3.645745 3.900699 4.276401 3.064166 3.233314 3.388956 3.407927 3.672642 3.996838 4.376607 4.557998 
0.070897 0.065667 0.064705 0.039502 0.069972 0.048383 0.053334 0.069468 0.037626 0.063349 0.047275 0.078113 0.055378 0.068088 0.044867 0.029741 0.035879 0.052836 0.043092 0.010160 0.024941 0.044018 0.044917 0.052756 0.026506 0.015667 0.018090 0.016636 0.021770 0.039670 0.050488 0.038352 0.000000 0.031146 0.046690 0.026878 0.097870 0.132611 0.150082 1.481559 2.068331 2.387311 2.883958 3.470449 0.106903 0.122714 1.060400 1.455580 1.930465 2.438483 2.983904 3.392553 0.128275 0.768877 1.197184 1.796545 2.274418 2.485916 3.147295 3.475848 1.171532 1.386215 1.679727 1.902888 2.372228 2.846203 3.148983 3.832646 1.574663 1.852104 2.144150 2.228330 2.711830 3.056185 3.548957 4.013503 2.351052 2.420274 2.568027 2.847818 3.033183 3.556617 3.820425 4.281170 2.869134 2.834494 3.030270 3.297343 3.480548 3.865655 4.105460 4.468825 3.324882 3.489205 3.637931 3.650826 3.904410 4.212314 4.572368 4.746726 
0.089486 0.082041 0.084185 0.056003 0.081598 0.065237 0.076165 0.086729 0.048233 0.081714 0.050721 0.093053 0.079847 0.092747 0.068061 0.056072 0.046343 0.059241 0.064941 0.023742 0.031657 0.067069 0.049262 0.065824 0.041778 0.028582 0.015671 0.044713 0.017468 0.027045 0.073700 0.014006 0.031146 0.000000 0.019440 0.038370 0.107075 0.139980 0.161292 1.306793 1.893398 2.215642 2.725161 3.337134 0.094687 0.119348 0.884374 1.269862 1.736728 2.265559 2.827209 3.241591 0.126348 0.605091 0.995915 1.584566 2.072618 2.293521 2.978242 3.320271 0.972305 1.170944 1.461614 1.685835 2.162639 2.653812 2.970428 3.674295 1.368834 1.636268 1.927540 2.011486 2.509085 2.866026 3.375596 3.854111 2.151797 2.219479 2.363194 2.648539 2.838438 3.381542 3.653700 4.128809 2.688206 2.643036 2.841117 3.114971 3.299989 3.697600 3.944695 4.315089 3.157016 3.318470 3.466090 3.477629 3.735227 4.050028 4.419651 4.597681 
0.102037 0.093599 0.095918 0.069130 0.097496 0.078692 0.085635 0.099751 0.060917 0.094026 0.063234 0.110903 0.090933 0.106497 0.081145 0.070651 0.059546 0.071432 0.072846 0.037512 0.048441 0.080253 0.061705 0.079282 0.049250 0.039313 0.029228 0.060108 0.027470 0.042054 0.082608 0.009457 0.046690 0.019440 0.000000 0.054196 0.127743 0.170977 0.200289 1.162471 1.759338 2.089846 2.615365 3.251293 0.093614 0.133677 0.736909 1.119597 1.587180 2.144776 2.727043 3.145276 0.133490 0.467977 0.822662 1.415395 1.921954 2.154235 2.866458 3.221966 0.779910 0.976822 1.274212 1.509908 2.001704 2.516880 2.849532 3.574022 1.162358 1.437499 1.740233 1.834521 2.355783 2.730318 3.259796 3.752798 1.958665 2.039283 2.187241 2.487280 2.690440 3.260878 3.543715 4.037931 2.513074 2.470157 2.682205 2.968844 3.166108 3.581431 3.839458 4.217493 2.997232 3.166244 3.322177 3.341186 3.607745 3.935121 4.319232 4.501961 
0.068694 0.062030 0.063153 0.022722 0.050737 0.033027 0.063997 0.064033 0.017396 0.057540 0.026633 0.062024 0.064174 0.070948 0.044250 0.030010 0.014642 0.030880 0.062200 0.032152 0.007777 0.042673 0.023857 0.033433 0.050501 0.039674 0.034278 0.023646 0.039383 0.027414 0.064402 0.048955 0.026878 0.038370 0.054196 0.000000 0.081713 0.117857 0.134453 1.436514 2.007838 2.320662 2.809846 3.389674 0.098439 0.110359 1.041161 1.417776 1.883783 2.369973 2.910345 3.320473 0.124585 0.788298 1.201690 1.776171 2.234262 2.435239 3.086094 3.409910 1.221981 1.411115 1.692388 1.894791 2.350500 2.806880 3.098583 3.779494 1.638160 1.892625 2.166050 2.229298 2.694771 3.026941 3.510931 3.970586 2.407857 2.455269 2.593350 2.858277 3.026186 3.535125 3.793436 4.245238 2.926772 2.876022 3.055486 3.313807 3.477185 3.853636 4.085135 4.443389 3.380031 3.531679 3.667500 3.667196 3.912119 4.209802 4.560116 4.730850 
0.098800 0.085455 0.097067 0.074861 0.050366 0.073089 0.127218 0.085475 0.066235 0.085902 0.060282 0.053638 0.126647 0.125599 0.093893 0.096678 0.067773 0.059000 0.145952 0.092616 0.086473 0.092306 0.061054 0.065199 0.130573 0.102588 0.095138 0.098379 0.101056 0.098095 0.134942 0.117961 0.097870 0.107075 0.127743 0.081713 0.000000 0.110550 0.188934 0.699614 1.227325 1.574044 2.117185 2.749741 0.167943 0.153101 0.480599 0.719655 1.159166 1.619593 2.220020 2.740171 0.264910 0.427228 0.665780 1.150109 1.594718 1.787598 2.523107 2.876199 0.798925 0.923839 1.172733 1.329502 1.804010 2.280695 2.579026 3.354001 1.218075 1.466005 1.733320 1.736712 2.236077 2.590524 3.129835 3.639884 2.084187 2.087916 2.268228 2.528640 2.669168 3.239294 3.523998 3.924242 2.705407 2.629621 2.816133 3.099569 3.221559 3.639714 3.878868 4.247500 3.237914 3.392625 3.522913 3.502042 3.748830 4.054784 4.419643 4.591440 
0.159082 0.143439 0.151357 0.113250 0.128940 0.120856 0.191116 0.146323 0.104959 0.138691 0.109112 0.142823 0.190372 0.182708 0.146570 0.139129 0.105827 0.107259 0.206838 0.130339 0.123688 0.144466 0.106428 0.114875 0.169539 0.143719 0.130529 0.136828 0.137218 0.144027 0.193673 0.155759 0.132611 0.139980 0.170977 0.117857 0.110550 0.000000 0.096184 0.303957 0.567151 0.762331 1.118897 1.593733 0.189468 0.128458 0.244516 0.323828 0.536545 0.835539 1.265003 1.593523 0.309225 0.303443 0.378849 0.579878 0.823519 0.929568 1.454577 1.720515 0.562356 0.578424 0.656300 0.716817 1.011147 1.321755 1.519970 2.123448 0.776706 0.890907 1.048589 1.010040 1.345501 1.591862 1.998349 2.387377 1.365519 1.417324 1.458433 1.648959 1.715711 2.181314 2.410607 2.811352 1.871502 1.782861 1.931357 2.162550 2.200720 2.570791 2.768665 3.038308 2.302191 2.416517 2.510777 2.497624 2.676425 2.932742 3.278811 3.421691 
0.195203 0.180853 0.181347 0.131810 0.164923 0.140641 0.225520 0.182455 0.125100 0.167250 0.137181 0.187976 0.220739 0.205526 0.165641 0.154024 0.125448 0.134860 0.234806 0.152701 0.140281 0.163234 0.132749 0.136317 0.187172 0.165780 0.153001 0.151248 0.160275 0.167313 0.226830 0.181595 0.150082 0.161292 0.200289 0.134453 0.188934 0.096184 0.000000 0.151865 0.353315 0.497351 0.765720 1.144450 0.236842 0.164379 0.169536 0.179732 0.343733 0.540457 0.859812 1.138871 0.346843 0.300847 0.322123 0.424641 0.570995 0.636271 1.035805 1.245739 0.550047 0.521727 0.540934 0.548404 0.748139 0.962688 1.103373 1.595556 0.718766 0.773080 0.865029 0.792712 1.025207 1.202156 1.522663 1.833864 1.187132 1.193061 1.210016 1.339271 1.354386 1.723986 1.907162 2.195574 1.623557 1.518441 1.619091 1.802430 1.779071 2.082656 2.233671 2.433280 1.990634 2.064866 2.118514 2.087306 2.210631 2.402436 2.685267 2.792095 
1.316981 1.329149 1.384150 1.451064 1.163852 1.426260 1.389856 1.301356 1.403650 1.380300 1.253299 1.106951 1.410439 1.451898 1.498788 1.522118 1.406474 1.261515 1.371997 1.444407 1.417981 1.500222 1.283678 1.357126 1.465134 1.431232 1.401123 1.517014 1.382746 1.250642 1.377133 1.247289 1.481559 1.306793 1.162471 1.436514 0.699614 0.303957 0.151865 0.000000 0.133675 0.206297 0.319657 0.440203 0.510362 0.354709 0.164313 0.075182 0.140408 0.216416 0.331951 0.424534 0.534882 0.324527 0.285065 0.261593 0.278201 0.284559 0.397724 0.448579 0.472873 0.415383 0.384848 0.340462 0.378873 0.407827 0.430011 0.543755 0.545664 0.501478 0.481094 0.432545 0.451269 0.469340 0.521424 0.584735 0.620594 0.539968 0.541203 0.536802 0.522823 0.535215 0.551960 0.590419 0.667453 0.615381 0.579376 0.579834 0.574568 0.580850 0.582508 0.626649 0.705632 0.680328 0.659803 0.618766 0.633861 0.634549 0.621794 0.632355 
1.907214 1.918027 1.974541 2.021363 1.751139 2.001276 2.016802 1.890396 1.969397 1.968796 1.831606 1.702454 2.034709 2.067238 2.090312 2.109361 1.972303 1.836068 2.006764 2.034005 1.993205 2.090550 1.858610 1.928301 2.087225 2.030228 1.987925 2.102119 1.973019 1.851365 2.005625 1.839829 2.068331 1.893398 1.759338 2.007838 1.227325 0.567151 0.353315 0.133675 0.000000 0.078027 0.198585 0.338998 0.904589 0.660762 0.274795 0.171822 0.132682 0.125079 0.232796 0.337676 0.829512 0.409960 0.369005 0.305725 0.269921 0.241651 0.333575 0.383869 0.539640 0.478811 0.443766 0.383180 0.393812 0.392206 0.394724 0.511674 0.621008 0.561035 0.527181 0.468222 0.467125 0.470873 0.512069 0.573459 0.683907 0.577262 0.582060 0.568571 0.544140 0.545535 0.559718 0.599622 0.738906 0.666989 0.618754 0.616024 0.601003 0.606117 0.607072 0.668617 0.791350 0.759600 0.731188 0.667130 0.690743 0.701156 0.691549 0.712157 
2.253216 2.261399 2.316357 2.337702 2.086606 2.320858 2.371277 2.234429 2.285753 2.306256 2.154567 2.049096 2.386166 2.424759 2.418792 2.429445 2.288054 2.159599 2.358725 2.354811 2.306423 2.417883 2.179883 2.249900 2.430250 2.355876 2.309019 2.419417 2.296844 2.176410 2.361063 2.167302 2.387311 2.215642 2.089846 2.320662 1.574044 0.762331 0.497351 0.206297 0.078027 0.000000 0.122287 0.269514 1.157309 0.867841 0.327360 0.229954 0.158159 0.084845 0.162512 0.266742 1.016011 0.439429 0.405130 0.326275 0.263802 0.215538 0.279782 0.321846 0.555219 0.496699 0.466072 0.398419 0.393024 0.370040 0.355955 0.466226 0.650189 0.582256 0.540991 0.477084 0.462478 0.454895 0.486399 0.544224 0.703824 0.576670 0.592077 0.572810 0.541611 0.535156 0.545156 0.567798 0.756310 0.679217 0.625861 0.619942 0.598319 0.600273 0.597366 0.653559 0.808144 0.771527 0.739100 0.670713 0.691637 0.698810 0.685713 0.704639 
2.783629 2.787639 2.839998 2.828822 2.603205 2.813817 2.912414 2.760987 2.779399 2.822126 2.658987 2.579241 2.920801 2.953795 2.921251 2.922217 2.781234 2.664249 2.897504 2.856255 2.796539 2.918791 2.681973 2.747993 2.949550 2.863265 2.813618 2.910738 2.805862 2.682729 2.905371 2.686567 2.883958 2.725161 2.615365 2.809846 2.117185 1.118897 0.765720 0.319657 0.198585 0.122287 0.000000 0.157145 1.607689 1.254913 0.417256 0.334434 0.254590 0.147910 0.096689 0.168149 1.360483 0.488277 0.480588 0.396012 0.311351 0.244338 0.236348 0.248503 0.611535 0.557837 0.528747 0.455827 0.433786 0.382127 0.338792 0.422310 0.729799 0.647538 0.594677 0.525288 0.493759 0.470062 0.480844 0.523208 0.776502 0.625949 0.640926 0.613461 0.573499 0.551005 0.554001 0.569711 0.827985 0.735791 0.670101 0.659077 0.629393 0.623915 0.613663 0.666440 0.882409 0.834929 0.793600 0.712723 0.732374 0.734547 0.712821 0.729882 
3.386808 3.385144 3.436000 3.403391 3.197808 3.386754 3.531041 3.357779 3.359438 3.408740 3.252431 3.179755 3.530759 3.546086 3.498669 3.495485 3.361603 3.255729 3.519695 3.451367 3.379298 3.494893 3.272900 3.327582 3.552019 3.463715 3.415831 3.487198 3.413341 3.282929 3.529588 3.312658 3.470449 3.337134 3.251293 3.389674 2.749741 1.593733 1.144450 0.440203 0.338998 0.269514 0.157145 0.000000 2.224082 1.794363 0.506828 0.452724 0.396518 0.296785 0.206614 0.175406 1.858981 0.545126 0.567838 0.508747 0.433028 0.367883 0.308281 0.272196 0.705880 0.645107 0.628567 0.551733 0.530468 0.472580 0.414090 0.448529 0.843102 0.749216 0.684768 0.615793 0.577769 0.546357 0.540257 0.561248 0.898191 0.725303 0.724623 0.691600 0.650990 0.611827 0.606637 0.623718 0.955521 0.832475 0.748497 0.733428 0.700691 0.685762 0.667370 0.721298 1.023142 0.954306 0.897587 0.795067 0.817926 0.816118 0.783812 0.800651 
