0.000000 0.009631 0.010234 0.059296 0.070863 0.053817 0.058476 0.016229 0.065903 0.020899 0.079463 0.062580 0.050341 0.025107 0.033857 0.055830 0.067460 0.075606 0.081182 0.080883 0.081102 0.035035 0.077098 0.062374 0.089399 0.084085 0.086817 0.066939 0.090024 0.100658 0.067911 0.106585 0.077397 0.100302 0.115277 0.075073 0.107579 0.292334 0.451359 0.741933 1.024519 1.197963 1.463646 1.768430 0.272351 0.310895 0.595347 0.749477 0.984251 1.215270 1.505657 1.753667 0.414768 0.513933 0.682864 0.952867 1.187171 1.289573 1.640260 1.810757 0.679779 0.772399 0.924184 1.023504 1.263157 1.504336 1.655798 2.023513 0.885447 1.026165 1.172779 1.204086 1.454035 1.630873 1.889911 2.137645 1.287184 1.305597 1.405421 1.546608 1.636348 1.909892 2.047971 2.257212 1.564782 1.548806 1.651993 1.792740 1.879944 2.080876 2.203445 2.394100 1.812279 1.900935 1.978653 1.981853 2.112703 2.270561 2.455985 2.546889 
0.009631 0.000000 0.012299 0.052663 0.060996 0.046260 0.060598 0.007209 0.058996 0.012501 0.071313 0.052717 0.053158 0.031425 0.031303 0.051581 0.060639 0.067440 0.080424 0.076874 0.074721 0.031941 0.069242 0.054112 0.086294 0.080441 0.082367 0.062509 0.085701 0.092733 0.069009 0.101156 0.073092 0.094470 0.109207 0.068776 0.095962 0.285909 0.443590 0.737292 1.022792 1.195968 1.460851 1.764200 0.269383 0.305152 0.589459 0.744880 0.982372 1.213170 1.501942 1.748348 0.414399 0.510229 0.680655 0.952654 1.186451 1.287974 1.635842 1.804976 0.685132 0.775918 0.927072 1.024904 1.263952 1.502479 1.652093 2.017001 0.895708 1.034116 1.178668 1.207485 1.454427 1.628681 1.884684 2.130197 1.299582 1.313925 1.411053 1.549609 1.636543 1.905348 2.041533 2.249248 1.576256 1.556808 1.656044 1.794205 1.878178 2.075905 2.196454 2.385937 1.821471 1.906813 1.981482 1.982020 2.110836 2.266069 2.448908 2.539057 
0.010234 0.012299 0.000000 0.052554 0.067725 0.047637 0.051078 0.019159 0.059794 0.017098 0.074001 0.061621 0.042776 0.020012 0.024569 0.046819 0.061224 0.070715 0.072738 0.073928 0.073968 0.025967 0.071589 0.057158 0.081054 0.076836 0.079804 0.058332 0.082892 0.093201 0.060138 0.098945 0.069661 0.093012 0.107175 0.068044 0.106160 0.300693 0.468498 0.765801 1.051005 1.222683 1.485958 1.788913 0.268509 0.312729 0.611174 0.770599 1.006939 1.237489 1.524510 1.769416 0.416977 0.521804 0.696724 0.970670 1.205321 1.308108 1.654345 1.823599 0.689916 0.784604 0.938187 1.038691 1.277205 1.516750 1.667665 2.031209 0.898020 1.038098 1.184088 1.216769 1.464075 1.639098 1.895129 2.140842 1.297654 1.314238 1.412485 1.552538 1.642159 1.911329 2.047854 2.257348 1.571354 1.554279 1.655004 1.793544 1.880904 2.078876 2.200549 2.391121 1.815117 1.901793 1.978036 1.980425 2.110418 2.266913 2.450958 2.541808 
0.059296 0.052663 0.052554 0.000000 0.037749 0.011022 0.064719 0.052503 0.011546 0.042935 0.029600 0.047303 0.061827 0.062586 0.033630 0.023360 0.013166 0.027086 0.068800 0.047740 0.030532 0.031439 0.026599 0.016371 0.062675 0.053820 0.051890 0.028309 0.056505 0.048274 0.067216 0.068633 0.040580 0.058892 0.074677 0.022877 0.080644 0.265930 0.450913 0.764155 1.049717 1.210898 1.462360 1.759598 0.200744 0.250129 0.585943 0.759470 0.994317 1.216989 1.489589 1.724630 0.378516 0.484094 0.672484 0.949384 1.175601 1.275825 1.605191 1.770529 0.685169 0.770778 0.917670 1.012359 1.239556 1.467198 1.613582 1.965541 0.902640 1.025376 1.157631 1.184258 1.415110 1.580558 1.826177 2.065916 1.288466 1.288704 1.374689 1.503630 1.585031 1.838074 1.969207 2.176958 1.551574 1.520956 1.606072 1.734535 1.813035 2.000777 2.117553 2.306275 1.784119 1.857292 1.922242 1.915859 2.039567 2.188543 2.365946 2.455455 
0.070863 0.060996 0.067725 0.037749 0.000000 0.031175 0.095934 0.057193 0.034820 0.052552 0.034030 0.018730 0.092025 0.085751 0.058677 0.058987 0.037344 0.026604 0.106248 0.077011 0.058490 0.056748 0.034118 0.021732 0.098638 0.084788 0.079997 0.064598 0.085297 0.069575 0.101216 0.097455 0.073515 0.086279 0.103492 0.052269 0.050801 0.186681 0.341526 0.640125 0.929485 1.099582 1.361435 1.664911 0.184965 0.202822 0.487590 0.644665 0.884427 1.113118 1.397651 1.641091 0.351282 0.424731 0.591566 0.859921 1.087839 1.186433 1.528007 1.695382 0.642219 0.713263 0.851034 0.938024 1.171768 1.400996 1.545695 1.906602 0.864947 0.983202 1.113937 1.128265 1.363129 1.529107 1.778136 2.019802 1.270994 1.264658 1.349168 1.475480 1.549382 1.805191 1.936691 2.140160 1.549262 1.510739 1.592879 1.722045 1.790179 1.979374 2.093614 2.280010 1.790056 1.859867 1.920468 1.908316 2.029191 2.175354 2.350369 2.438169 
0.053817 0.046260 0.047637 0.011022 0.031175 0.000000 0.067879 0.044940 0.019042 0.035465 0.033862 0.038031 0.063798 0.060369 0.032071 0.029088 0.021582 0.029106 0.075715 0.056650 0.040948 0.029857 0.031375 0.011938 0.071593 0.062664 0.060922 0.037162 0.065541 0.057935 0.071872 0.078462 0.050015 0.068857 0.084835 0.033443 0.077272 0.251600 0.434847 0.754141 1.041740 1.204430 1.456590 1.752880 0.205634 0.247798 0.580809 0.753015 0.990765 1.213297 1.486619 1.722217 0.383501 0.486176 0.674793 0.952187 1.177615 1.276326 1.605879 1.770523 0.694231 0.779360 0.925701 1.018817 1.246204 1.472302 1.617047 1.969374 0.914671 1.037590 1.169549 1.193911 1.423962 1.588374 1.833401 2.072663 1.302889 1.302818 1.388416 1.516467 1.596181 1.848597 1.979358 2.185676 1.566806 1.535968 1.620727 1.749024 1.825676 2.013206 2.129214 2.317155 1.799936 1.873133 1.937765 1.930752 2.053899 2.202249 2.378963 2.468025 
0.058476 0.060598 0.051078 0.064719 0.095934 0.067879 0.000000 0.066989 0.069928 0.061100 0.085643 0.097681 0.009438 0.037674 0.040362 0.046763 0.069994 0.085363 0.029682 0.059036 0.072238 0.041962 0.082593 0.077334 0.051319 0.057005 0.065408 0.050364 0.066173 0.091504 0.011247 0.083378 0.055778 0.081584 0.092492 0.069069 0.140011 0.320918 0.476962 0.778608 1.083246 1.260814 1.530618 1.842462 0.237227 0.297825 0.590463 0.771666 1.019121 1.265930 1.560185 1.807546 0.344355 0.465744 0.652567 0.951351 1.206590 1.321354 1.677491 1.852730 0.601084 0.714388 0.887723 1.007052 1.258611 1.515002 1.677658 2.045414 0.809040 0.966227 1.127131 1.177449 1.440334 1.626548 1.891539 2.143752 1.215717 1.244168 1.352752 1.504585 1.608993 1.890944 2.032924 2.252202 1.489564 1.482912 1.595285 1.740619 1.844438 2.049972 2.179459 2.376265 1.735591 1.830735 1.916154 1.928095 2.065466 2.230761 2.423743 2.518423 
0.016229 0.007209 0.019159 0.052503 0.057193 0.044940 0.066989 0.000000 0.058647 0.012134 0.070648 0.047330 0.059603 0.038622 0.034667 0.054064 0.060515 0.066205 0.086872 0.080073 0.076341 0.034904 0.068646 0.052118 0.091547 0.084295 0.085634 0.065247 0.089337 0.094855 0.075489 0.105292 0.076243 0.097866 0.113597 0.069961 0.093133 0.270878 0.428801 0.722602 1.008975 1.182751 1.447971 1.750923 0.261084 0.293932 0.577461 0.731429 0.969782 1.200814 1.489800 1.736229 0.410354 0.502902 0.671904 0.943259 1.176610 1.277396 1.625041 1.793683 0.683264 0.771645 0.921367 1.017667 1.256821 1.494143 1.642641 2.007225 0.895958 1.032741 1.176203 1.202704 1.448646 1.621790 1.876866 2.121692 1.302074 1.314327 1.410218 1.547337 1.632310 1.899624 2.035165 2.241708 1.579688 1.558258 1.655725 1.792956 1.874556 2.071335 2.190903 2.379624 1.824758 1.908566 1.981703 1.980753 2.108490 2.262513 2.444235 2.533909 
0.065903 0.058996 0.059794 0.011546 0.034820 0.019042 0.069928 0.058647 0.000000 0.050324 0.018804 0.047326 0.067919 0.069991 0.042198 0.031118 0.002908 0.017651 0.071569 0.045623 0.024366 0.040216 0.015766 0.016496 0.062497 0.052318 0.048325 0.031858 0.053074 0.038397 0.071635 0.062934 0.039971 0.052449 0.068012 0.017590 0.073930 0.256785 0.437290 0.739924 1.023328 1.184665 1.437318 1.736846 0.189178 0.236319 0.564037 0.733700 0.965697 1.189456 1.463565 1.699779 0.368602 0.466772 0.647643 0.919584 1.146153 1.247206 1.578693 1.745135 0.666129 0.746277 0.889317 0.982685 1.210449 1.439264 1.586559 1.940267 0.880750 1.000111 1.131016 1.155913 1.387497 1.553550 1.800267 2.040982 1.268052 1.265550 1.350590 1.478864 1.559271 1.812964 1.944410 2.152548 1.533873 1.500257 1.583851 1.712092 1.788949 1.976937 2.093629 2.282629 1.767512 1.838846 1.902193 1.894234 2.017445 2.166006 2.343274 2.432795 
0.020899 0.012501 0.017098 0.042935 0.052552 0.035465 0.061100 0.012134 0.050324 0.000000 0.063604 0.045784 0.053711 0.036195 0.024608 0.043368 0.052168 0.059571 0.079297 0.072679 0.067853 0.024505 0.061458 0.044174 0.083386 0.076859 0.078155 0.055395 0.081868 0.086287 0.068975 0.097277 0.067826 0.089965 0.105028 0.061295 0.092370 0.276395 0.446573 0.752278 1.040691 1.211136 1.471871 1.771650 0.252743 0.291690 0.596242 0.757759 0.997430 1.226153 1.509555 1.751578 0.411280 0.511837 0.689659 0.965651 1.197555 1.297946 1.638779 1.805587 0.698345 0.788812 0.939651 1.036550 1.272613 1.506532 1.653797 2.012985 0.914084 1.048673 1.189970 1.217560 1.458692 1.628972 1.880057 2.122399 1.314412 1.324160 1.417486 1.552478 1.636853 1.898642 2.032325 2.239004 1.585988 1.563180 1.657337 1.791674 1.873153 2.066438 2.184944 2.373498 1.826123 1.907409 1.978672 1.976715 2.103330 2.255737 2.435892 2.525490 
0.079463 0.071313 0.074001 0.029600 0.034030 0.033862 0.085643 0.070648 0.018804 0.063604 0.000000 0.050277 0.084230 0.086680 0.058311 0.048184 0.018619 0.008551 0.086536 0.053983 0.030480 0.056390 0.003209 0.025511 0.074129 0.061550 0.054582 0.046868 0.059512 0.034799 0.087328 0.066349 0.050867 0.055091 0.069935 0.027334 0.065668 0.215915 0.376641 0.671225 0.958421 1.122662 1.379790 1.684599 0.162061 0.196378 0.496679 0.664346 0.898770 1.126887 1.406360 1.646525 0.329327 0.410851 0.583489 0.853921 1.083418 1.185841 1.523824 1.692762 0.618732 0.690966 0.829938 0.920919 1.152125 1.383705 1.532538 1.891485 0.836161 0.951061 1.080383 1.100585 1.334780 1.502429 1.752261 1.995419 1.231245 1.223886 1.307611 1.434828 1.512765 1.769042 1.901468 2.109744 1.504370 1.465171 1.546566 1.675168 1.748073 1.937420 2.053892 2.243140 1.741919 1.810412 1.871020 1.859941 1.982267 2.130153 2.307244 2.396591 
0.062580 0.052717 0.061621 0.047303 0.018730 0.038031 0.097681 0.047330 0.047326 0.045784 0.050277 0.000000 0.092554 0.081296 0.058681 0.065108 0.049926 0.043502 0.112632 0.086216 0.071620 0.057112 0.049840 0.033547 0.107740 0.093685 0.090374 0.073085 0.095646 0.085955 0.104674 0.110306 0.082929 0.099294 0.117872 0.064814 0.053883 0.185685 0.329689 0.619544 0.911422 1.087567 1.355752 1.661031 0.200032 0.213734 0.479047 0.628838 0.871910 1.105660 1.397189 1.644388 0.355096 0.425065 0.585386 0.854043 1.086867 1.186130 1.534733 1.702727 0.634874 0.708292 0.848845 0.937247 1.177687 1.410979 1.556080 1.920029 0.859421 0.984310 1.120643 1.134691 1.375950 1.544357 1.795626 2.037760 1.278647 1.275745 1.363788 1.492921 1.567485 1.826752 1.958951 2.160886 1.563311 1.527168 1.612802 1.744332 1.812585 2.003620 2.117964 2.303437 1.807877 1.880476 1.943039 1.932159 2.053555 2.200348 2.375728 2.463128 
0.050341 0.053158 0.042776 0.061827 0.092025 0.063798 0.009438 0.059603 0.067919 0.053711 0.084230 0.092554 0.000000 0.028565 0.034061 0.044123 0.068219 0.083407 0.037795 0.061769 0.072537 0.035946 0.081157 0.073903 0.057021 0.060790 0.068445 0.050066 0.069825 0.092910 0.020305 0.087666 0.057704 0.084764 0.097033 0.068597 0.136844 0.315619 0.478683 0.786888 1.089375 1.265029 1.531960 1.840488 0.239096 0.298220 0.601469 0.782050 1.029011 1.271835 1.562764 1.808252 0.356686 0.479681 0.669510 0.966864 1.217702 1.329644 1.681470 1.854740 0.624987 0.737035 0.908347 1.024534 1.272730 1.524376 1.683968 2.049266 0.835851 0.990408 1.148370 1.195563 1.453855 1.636844 1.898818 2.149000 1.240262 1.266443 1.372562 1.521470 1.622794 1.900798 2.041244 2.258433 1.511901 1.503648 1.613262 1.756586 1.857290 2.060585 2.188326 2.383784 1.756016 1.849367 1.932930 1.943140 2.078880 2.242219 2.433209 2.527118 
0.025107 0.031425 0.020012 0.062586 0.085751 0.060369 0.037674 0.038622 0.069991 0.036195 0.086680 0.081296 0.028565 0.000000 0.029868 0.050936 0.071092 0.083826 0.064849 0.076278 0.081612 0.032109 0.083651 0.070952 0.079359 0.077883 0.083140 0.061484 0.085818 0.104062 0.048452 0.104670 0.072154 0.099591 0.114588 0.075853 0.130460 0.300538 0.469782 0.778583 1.069362 1.241961 1.505453 1.809843 0.253588 0.303542 0.611367 0.781015 1.021226 1.254892 1.542650 1.788240 0.389878 0.506864 0.691959 0.976172 1.215600 1.321178 1.669583 1.840671 0.666365 0.771130 0.933183 1.040025 1.280873 1.524772 1.679139 2.045005 0.875477 1.023213 1.174269 1.213503 1.465144 1.643995 1.903913 2.152839 1.273856 1.297448 1.399937 1.544299 1.639694 1.915394 2.054815 2.267897 1.545636 1.535009 1.641917 1.783978 1.878353 2.080932 2.206403 2.399541 1.790585 1.882564 1.964078 1.971634 2.105279 2.266473 2.455292 2.547837 
0.033857 0.031303 0.024569 0.033630 0.058677 0.032071 0.040362 0.034667 0.042198 0.024608 0.058311 0.058681 0.034061 0.029868 0.000000 0.022384 0.043193 0.056350 0.055400 0.055176 0.053389 0.002379 0.055620 0.042845 0.061031 0.057926 0.061529 0.034504 0.064787 0.073200 0.046526 0.081159 0.048169 0.074280 0.089403 0.047551 0.102923 0.290118 0.474989 0.800456 1.094001 1.260082 1.515308 1.812734 0.231955 0.284300 0.620009 0.798798 1.041110 1.268977 1.545877 1.782938 0.388747 0.508812 0.705315 0.994301 1.228151 1.330570 1.664604 1.830699 0.693991 0.794783 0.954050 1.056869 1.290869 1.524342 1.673060 2.027063 0.914205 1.052009 1.194676 1.228895 1.467699 1.637512 1.886509 2.127922 1.307813 1.319106 1.412507 1.548264 1.636285 1.895731 2.029048 2.238572 1.571378 1.550984 1.645234 1.778396 1.864830 2.056713 2.176489 2.366561 1.806343 1.887851 1.960198 1.960429 2.088098 2.241545 2.422793 2.513404 
0.055830 0.051581 0.046819 0.023360 0.058987 0.029088 0.046763 0.054064 0.031118 0.043368 0.048184 0.065108 0.044123 0.050936 0.022384 0.000000 0.031010 0.048449 0.050336 0.039187 0.035664 0.020854 0.045197 0.038729 0.048078 0.042966 0.046050 0.013717 0.049813 0.056180 0.048498 0.065783 0.030014 0.057653 0.073811 0.030302 0.102920 0.286312 0.476447 0.803584 1.096951 1.259328 1.510876 1.807492 0.201784 0.261396 0.609589 0.795799 1.036785 1.263396 1.536035 1.769890 0.361809 0.485777 0.688943 0.981249 1.214672 1.318044 1.647625 1.813270 0.675296 0.775749 0.935663 1.039433 1.271087 1.503096 1.652140 2.002629 0.897739 1.032186 1.172316 1.207433 1.443040 1.611409 1.858268 2.098573 1.287352 1.295134 1.385946 1.519751 1.607305 1.863432 1.995809 2.206077 1.547541 1.524154 1.614974 1.745781 1.831721 2.021391 2.140773 2.331019 1.779046 1.857192 1.927079 1.925918 2.052489 2.204743 2.385205 2.475929 
0.067460 0.060639 0.061224 0.013166 0.037344 0.021582 0.069994 0.060515 0.002908 0.052168 0.018619 0.049926 0.068219 0.071092 0.043193 0.031010 0.000000 0.018773 0.070818 0.043718 0.021507 0.041247 0.015501 0.019407 0.061027 0.050576 0.046332 0.030595 0.051159 0.035812 0.071406 0.060950 0.038041 0.050142 0.066007 0.014834 0.075623 0.257889 0.438645 0.741317 1.024737 1.185708 1.438090 1.737778 0.185200 0.234059 0.563225 0.734117 0.965856 1.189756 1.463613 1.699635 0.364032 0.463465 0.645313 0.917781 1.144835 1.246357 1.577752 1.744366 0.662060 0.742655 0.886190 0.980041 1.207938 1.437150 1.584863 1.938496 0.876542 0.995937 1.127085 1.152592 1.384389 1.550715 1.797619 2.038526 1.263421 1.261037 1.346192 1.474681 1.555536 1.809490 1.941091 2.149636 1.528973 1.495462 1.579191 1.707502 1.784863 1.973009 2.089970 2.279218 1.762443 1.833810 1.897289 1.889555 2.012947 2.161757 2.339323 2.428998 
0.075606 0.067440 0.070715 0.027086 0.026604 0.029106 0.085363 0.066205 0.017651 0.059571 0.008551 0.043502 0.083407 0.083826 0.056350 0.048449 0.018773 0.000000 0.088532 0.058989 0.036052 0.054399 0.008595 0.018844 0.078390 0.066352 0.060320 0.049240 0.065236 0.043477 0.087820 0.073426 0.055359 0.062689 0.077472 0.031267 0.062529 0.217178 0.381532 0.676627 0.961585 1.126028 1.383187 1.686938 0.173921 0.206411 0.508984 0.672542 0.905908 1.132403 1.411801 1.652071 0.347786 0.428830 0.599239 0.866190 1.093416 1.194390 1.531819 1.699999 0.637193 0.708472 0.845662 0.934967 1.165046 1.395105 1.542577 1.901162 0.852983 0.967751 1.096424 1.115481 1.348666 1.515378 1.764354 2.006714 1.247403 1.240383 1.323979 1.450731 1.527712 1.783032 1.914935 2.122037 1.520467 1.481692 1.563039 1.691438 1.763397 1.952195 2.067964 2.256485 1.758069 1.826846 1.887446 1.876151 1.998077 2.145380 2.321713 2.410664 
0.081182 0.080424 0.072738 0.068800 0.106248 0.075715 0.029682 0.086872 0.071569 0.079297 0.086536 0.112632 0.037795 0.064849 0.055400 0.050336 0.070818 0.088532 0.000000 0.044375 0.066026 0.056077 0.083362 0.084085 0.027008 0.038709 0.050212 0.046336 0.048959 0.082800 0.019008 0.065594 0.043832 0.066541 0.074901 0.065403 0.152903 0.314774 0.471814 0.771846 1.078195 1.253256 1.521466 1.835568 0.201677 0.271033 0.567273 0.756954 1.002991 1.251897 1.544564 1.790694 0.297572 0.425371 0.616291 0.920319 1.179267 1.297515 1.653412 1.830402 0.552110 0.667843 0.844739 0.968818 1.221075 1.480825 1.647097 2.014643 0.759579 0.916818 1.078355 1.133582 1.398077 1.586474 1.853129 2.107175 1.164072 1.192075 1.301014 1.454251 1.561912 1.845860 1.989100 2.211866 1.436598 1.429239 1.541830 1.687501 1.794740 2.001437 2.133009 2.331933 1.681588 1.775958 1.861563 1.874521 2.013102 2.180108 2.375357 2.471260 
0.080883 0.076874 0.073928 0.047740 0.077011 0.056650 0.059036 0.080073 0.045623 0.072679 0.053983 0.086216 0.061769 0.076278 0.055176 0.039187 0.043718 0.058989 0.044375 0.000000 0.029056 0.054367 0.051858 0.060216 0.022630 0.008463 0.008869 0.026553 0.011804 0.038693 0.054684 0.029495 0.010169 0.023884 0.038233 0.032919 0.109328 0.313011 0.479384 0.775196 1.066057 1.227661 1.481569 1.786539 0.174252 0.251586 0.568991 0.756359 0.990062 1.222695 1.498931 1.735508 0.304917 0.428356 0.621943 0.912442 1.153182 1.263830 1.600732 1.772004 0.587821 0.687904 0.849469 0.960097 1.195334 1.437640 1.595337 1.951694 0.799273 0.934127 1.077586 1.120304 1.364044 1.539986 1.794740 2.041651 1.185729 1.196105 1.290579 1.429536 1.524515 1.790900 1.927964 2.145446 1.448495 1.426342 1.521776 1.656603 1.750129 1.946181 2.071108 2.266156 1.683108 1.763316 1.836350 1.838844 1.969484 2.127382 2.314424 2.407888 
0.081102 0.074721 0.073968 0.030532 0.058490 0.040948 0.072238 0.076341 0.024366 0.067853 0.030480 0.071620 0.072537 0.081612 0.053389 0.035664 0.021507 0.036052 0.066026 0.029056 0.000000 0.051736 0.028163 0.040932 0.049876 0.037138 0.030305 0.026642 0.035668 0.021064 0.071149 0.044576 0.025119 0.032136 0.050076 0.007777 0.093727 0.262336 0.441270 0.750739 1.038157 1.196920 1.446897 1.747315 0.156616 0.215699 0.551044 0.736323 0.969906 1.195597 1.467218 1.701596 0.314869 0.426723 0.622768 0.907451 1.138775 1.243427 1.573779 1.741659 0.622575 0.711297 0.862888 0.963088 1.191760 1.423937 1.574869 1.928004 0.841607 0.964546 1.098248 1.129402 1.362959 1.531541 1.780182 2.022993 1.226207 1.226222 1.312890 1.443413 1.528460 1.785373 1.918651 2.130689 1.488455 1.457312 1.543234 1.672610 1.754955 1.945212 2.064938 2.256452 1.720472 1.793266 1.858868 1.854007 1.979421 2.131076 2.311968 2.403125 
0.035035 0.031941 0.025967 0.031439 0.056748 0.029857 0.041962 0.034904 0.040216 0.024505 0.056390 0.057112 0.035946 0.032109 0.002379 0.020854 0.041247 0.054399 0.056077 0.054367 0.051736 0.000000 0.053698 0.040724 0.060839 0.057349 0.060677 0.033249 0.064040 0.071495 0.047796 0.080264 0.047205 0.073149 0.088420 0.045784 0.101128 0.287606 0.473056 0.799416 1.092944 1.258613 1.513299 1.810289 0.229492 0.281468 0.618502 0.797534 1.039995 1.267361 1.543613 1.780209 0.388002 0.507592 0.704528 0.993473 1.226694 1.328850 1.662028 1.827821 0.695018 0.795064 0.953883 1.056119 1.289583 1.522273 1.670560 2.023956 0.915823 1.052689 1.194596 1.228221 1.466105 1.635305 1.883671 2.124672 1.308969 1.319373 1.412087 1.547169 1.634557 1.893072 2.026045 2.235260 1.572133 1.550987 1.644374 1.776985 1.862717 2.054015 2.173423 2.363264 1.806581 1.887367 1.959066 1.958758 2.086005 2.238954 2.419742 2.510212 
0.077098 0.069242 0.071589 0.026599 0.034118 0.031375 0.082593 0.068646 0.015766 0.061458 0.003209 0.049840 0.081157 0.083651 0.055620 0.045197 0.015501 0.008595 0.083362 0.051858 0.028163 0.053698 0.000000 0.023645 0.071434 0.059293 0.052706 0.043904 0.057614 0.034124 0.084184 0.064794 0.048358 0.053613 0.068536 0.024543 0.067030 0.225082 0.389398 0.684669 0.970831 1.134327 1.390490 1.694325 0.167168 0.204488 0.509815 0.677665 0.911298 1.138463 1.416808 1.656156 0.337244 0.421622 0.595470 0.865837 1.094694 1.196913 1.533587 1.702073 0.627523 0.700997 0.840509 0.931952 1.162316 1.393386 1.541988 1.899885 0.844077 0.959520 1.089010 1.110130 1.343768 1.511123 1.760350 2.003042 1.237325 1.230761 1.314666 1.442053 1.520472 1.776209 1.908436 2.116740 1.509038 1.470771 1.552487 1.680969 1.754623 1.943663 2.060176 2.249404 1.745788 1.814705 1.875750 1.865209 1.987680 2.135667 2.312776 2.402169 
0.062374 0.054112 0.057158 0.016371 0.021732 0.011938 0.077334 0.052118 0.016496 0.044174 0.025511 0.033547 0.073903 0.070952 0.042845 0.038729 0.019407 0.018844 0.084085 0.060216 0.040932 0.040724 0.023645 0.000000 0.077645 0.067010 0.063439 0.044155 0.068301 0.054926 0.081053 0.079767 0.054735 0.069476 0.085398 0.033882 0.068225 0.234623 0.413306 0.721934 1.006589 1.170193 1.424542 1.723398 0.196050 0.232663 0.555646 0.721210 0.955984 1.179285 1.455176 1.692803 0.378777 0.471094 0.649972 0.920174 1.144961 1.243724 1.576306 1.741961 0.679939 0.757843 0.898703 0.988880 1.216803 1.443598 1.588596 1.943306 0.897004 1.015974 1.145978 1.167061 1.397828 1.562530 1.808597 2.048609 1.287996 1.284689 1.369145 1.496137 1.573807 1.826640 1.957473 2.163285 1.556073 1.521620 1.604519 1.732547 1.806226 1.993790 2.109126 2.296785 1.791095 1.862191 1.924754 1.915485 2.037668 2.185010 2.360933 2.449652 
0.089399 0.086294 0.081054 0.062675 0.098638 0.071593 0.051319 0.091547 0.062497 0.083386 0.074129 0.107740 0.057021 0.079359 0.061031 0.048078 0.061027 0.078390 0.027008 0.022630 0.049876 0.060839 0.071434 0.077645 0.000000 0.014578 0.027043 0.037849 0.024522 0.061513 0.043196 0.040612 0.026563 0.042023 0.049761 0.052128 0.139479 0.312959 0.477501 0.776103 1.074529 1.241588 1.501557 1.811404 0.175263 0.252072 0.564250 0.756396 0.995347 1.236164 1.519571 1.760234 0.281422 0.413289 0.610000 0.909592 1.160336 1.275933 1.621773 1.796382 0.552358 0.663586 0.835224 0.954751 1.198155 1.450220 1.613457 1.975077 0.762137 0.909516 1.062914 1.114090 1.368756 1.551752 1.813048 2.064189 1.156626 1.176551 1.278827 1.425700 1.528625 1.804814 1.945552 2.166984 1.423322 1.409144 1.513852 1.654456 1.756654 1.958726 2.087982 2.285785 1.662662 1.750232 1.830148 1.838814 1.974102 2.137519 2.329857 2.425078 
0.084085 0.080441 0.076836 0.053820 0.084788 0.062664 0.057005 0.084295 0.052318 0.076859 0.061550 0.093685 0.060790 0.077883 0.057926 0.042966 0.050576 0.066352 0.038709 0.008463 0.037138 0.057349 0.059293 0.067010 0.014578 0.000000 0.013139 0.030905 0.012236 0.046694 0.051279 0.030551 0.015669 0.028639 0.039711 0.040533 0.118363 0.319665 0.482358 0.775028 1.068612 1.232117 1.488194 1.795110 0.175636 0.256112 0.567614 0.755471 0.990633 1.226541 1.505338 1.743338 0.298297 0.424453 0.616033 0.908983 1.153787 1.266514 1.606711 1.779330 0.572703 0.676010 0.840963 0.955237 1.193669 1.439824 1.599796 1.958077 0.781958 0.921379 1.068679 1.114856 1.362787 1.541463 1.798730 2.047334 1.171407 1.185260 1.282643 1.424607 1.522709 1.792828 1.931333 2.150514 1.435607 1.416314 1.515152 1.652109 1.749032 1.947383 2.074051 2.270264 1.671879 1.754716 1.830275 1.835095 1.967520 2.127569 2.316724 2.410921 
0.086817 0.082367 0.079804 0.051890 0.079997 0.060922 0.065408 0.085634 0.048325 0.078155 0.054582 0.090374 0.068445 0.083140 0.061529 0.046050 0.046332 0.060320 0.050212 0.008869 0.030305 0.060677 0.052706 0.063439 0.027043 0.013139 0.000000 0.033857 0.005528 0.035026 0.060988 0.021034 0.018184 0.015742 0.029709 0.035500 0.111804 0.308744 0.470232 0.756738 1.045566 1.207105 1.462008 1.769548 0.161315 0.240063 0.551160 0.736198 0.966987 1.200565 1.478227 1.716173 0.288380 0.410119 0.599707 0.886303 1.127699 1.239552 1.578919 1.751762 0.566046 0.663021 0.822411 0.932840 1.168201 1.412503 1.572001 1.930720 0.773902 0.906462 1.049367 1.092144 1.337282 1.514818 1.771769 2.020550 1.159215 1.168787 1.263344 1.402763 1.498428 1.767393 1.905623 2.124457 1.423631 1.400371 1.496056 1.631710 1.725673 1.923360 2.049320 2.245323 1.659683 1.739599 1.812586 1.815033 1.946256 2.105116 2.293429 2.387363 
0.066939 0.062509 0.058332 0.028309 0.064598 0.037162 0.050364 0.065247 0.031858 0.055395 0.046868 0.073085 0.050066 0.061484 0.034504 0.013717 0.030595 0.049240 0.046336 0.026553 0.026642 0.033249 0.043904 0.044155 0.037849 0.030905 0.033857 0.000000 0.037713 0.046606 0.049371 0.053882 0.016677 0.045439 0.061986 0.023757 0.105774 0.291492 0.479690 0.801601 1.093551 1.254239 1.504818 1.802796 0.186924 0.252425 0.600762 0.789827 1.028322 1.255152 1.526953 1.760466 0.340987 0.468151 0.672870 0.965899 1.200089 1.305001 1.634587 1.801299 0.653300 0.754430 0.915088 1.020454 1.251599 1.485080 1.635975 1.986901 0.874554 1.008118 1.148140 1.185086 1.421256 1.590786 1.838827 2.080392 1.261427 1.269113 1.359995 1.494326 1.583405 1.841001 1.974234 2.186357 1.520790 1.497197 1.588273 1.719399 1.807009 1.997640 2.118224 2.309651 1.751999 1.829955 1.900093 1.899532 2.026829 2.180164 2.361989 2.453385 
0.090024 0.085701 0.082892 0.056505 0.085297 0.065541 0.066173 0.089337 0.053074 0.081868 0.059512 0.095646 0.069825 0.085818 0.064787 0.049813 0.051159 0.065236 0.048959 0.011804 0.035668 0.064040 0.057614 0.068301 0.024522 0.012236 0.005528 0.037713 0.000000 0.039707 0.061050 0.018744 0.021863 0.017523 0.027863 0.040750 0.117502 0.312174 0.470493 0.752587 1.041521 1.204031 1.460503 1.769957 0.159797 0.240672 0.546737 0.731191 0.961214 1.196687 1.476279 1.715486 0.280049 0.403237 0.591260 0.877442 1.120907 1.234309 1.576385 1.750503 0.551704 0.649943 0.810285 0.922475 1.159436 1.406636 1.568072 1.928639 0.756853 0.891112 1.035847 1.080762 1.328772 1.508478 1.767630 2.017994 1.142503 1.154087 1.250449 1.391884 1.489731 1.761796 1.901269 2.121545 1.408237 1.386470 1.484386 1.621631 1.717879 1.917490 2.044849 2.241852 1.645743 1.727242 1.801816 1.805732 1.938250 2.098747 2.288771 2.383301 
0.100658 0.092733 0.093201 0.048274 0.069575 0.057935 0.091504 0.094855 0.038397 0.086287 0.034799 0.085955 0.092910 0.104062 0.073200 0.056180 0.035812 0.043477 0.082800 0.038693 0.021064 0.071495 0.034124 0.054926 0.061513 0.046694 0.035026 0.046606 0.039707 0.000000 0.089890 0.040267 0.039980 0.027161 0.042408 0.027538 0.101236 0.226710 0.379969 0.676378 0.974205 1.138123 1.394346 1.701293 0.120140 0.172566 0.470532 0.657582 0.897533 1.133449 1.412459 1.650652 0.257273 0.351592 0.536479 0.827049 1.068867 1.178480 1.517760 1.689116 0.543002 0.626658 0.780341 0.883965 1.121398 1.361212 1.516338 1.874684 0.766014 0.889393 1.026400 1.056761 1.297846 1.470579 1.723865 1.970099 1.165931 1.162549 1.250102 1.382075 1.467590 1.729414 1.864651 2.078604 1.436710 1.401099 1.486579 1.617330 1.698675 1.891568 2.012630 2.205505 1.672513 1.743314 1.807397 1.801106 1.926745 2.079290 2.261888 2.353657 
0.067911 0.069009 0.060138 0.067216 0.101216 0.071872 0.011247 0.075489 0.071635 0.068975 0.087328 0.104674 0.020305 0.048452 0.046526 0.048498 0.071406 0.087820 0.019008 0.054684 0.071149 0.047796 0.084184 0.081053 0.043196 0.051279 0.060988 0.049371 0.061050 0.089890 0.000000 0.078238 0.052209 0.077525 0.087487 0.068816 0.146002 0.323410 0.477952 0.774067 1.079315 1.257287 1.528327 1.842457 0.226941 0.292237 0.582203 0.764257 1.010740 1.260004 1.555727 1.803783 0.329547 0.452970 0.637847 0.936702 1.194902 1.311988 1.670366 1.847009 0.580868 0.693829 0.868027 0.989732 1.243061 1.502779 1.667865 2.036771 0.785424 0.943081 1.105394 1.158399 1.424113 1.612510 1.879372 2.132959 1.191852 1.221223 1.331159 1.484869 1.591593 1.875885 2.018859 2.239976 1.466707 1.460582 1.574344 1.720744 1.826877 2.033681 2.164451 2.362402 1.713509 1.809299 1.895612 1.908563 2.046986 2.213562 2.407955 2.503282 
0.106585 0.101156 0.098945 0.068633 0.097455 0.078462 0.083378 0.105292 0.062934 0.097277 0.066349 0.110306 0.087666 0.104670 0.081159 0.065783 0.060950 0.073426 0.065594 0.029495 0.044576 0.080264 0.064794 0.079767 0.040612 0.030551 0.021034 0.053882 0.018744 0.040267 0.078238 0.000000 0.038902 0.014013 0.009457 0.050943 0.129862 0.286884 0.429391 0.695911 0.984268 1.148079 1.408113 1.724145 0.129189 0.208482 0.489128 0.670860 0.897794 1.137445 1.421871 1.665132 0.234824 0.347786 0.525322 0.806858 1.053787 1.170710 1.520327 1.698566 0.486668 0.579290 0.736552 0.849532 1.089184 1.342497 1.508671 1.875920 0.686238 0.817422 0.962218 1.007513 1.260770 1.445121 1.710469 1.965934 1.073532 1.083696 1.181109 1.324486 1.424392 1.704012 1.846791 2.070406 1.345037 1.320767 1.420118 1.560077 1.657618 1.862062 1.992315 2.191759 1.586967 1.668311 1.743226 1.747379 1.881628 2.044943 2.238669 2.334427 
0.077397 0.073092 0.069661 0.040580 0.073515 0.050015 0.055778 0.076243 0.039971 0.067826 0.050867 0.082929 0.057704 0.072154 0.048169 0.030014 0.038041 0.055359 0.043832 0.010169 0.025119 0.047205 0.048358 0.054735 0.026563 0.015669 0.018184 0.016677 0.021863 0.039980 0.052209 0.038902 0.000000 0.031328 0.047469 0.027128 0.109346 0.306060 0.484065 0.789628 1.080331 1.241210 1.493343 1.795059 0.176051 0.250704 0.585610 0.773375 1.008430 1.238389 1.512312 1.747186 0.319301 0.447019 0.645770 0.936677 1.174444 1.282712 1.615993 1.785172 0.617394 0.717773 0.878571 0.986880 1.220035 1.458431 1.613191 1.966734 0.832398 0.966261 1.108043 1.148452 1.388683 1.561732 1.813313 2.057727 1.218115 1.227226 1.320049 1.456909 1.549389 1.811629 1.946918 2.162128 1.478968 1.456169 1.549552 1.682584 1.773635 1.967110 2.090127 2.283619 1.711722 1.790797 1.862487 1.863663 1.992792 2.148643 2.333377 2.425972 
0.100302 0.094470 0.093012 0.058892 0.086279 0.068857 0.081584 0.097866 0.052449 0.089965 0.055091 0.099294 0.084764 0.099591 0.074280 0.057653 0.050142 0.062689 0.066541 0.023884 0.032136 0.073149 0.053613 0.069476 0.042023 0.028639 0.015742 0.045439 0.017523 0.027161 0.077525 0.014013 0.031328 0.000000 0.019454 0.039183 0.117347 0.280977 0.435519 0.714409 1.002526 1.164311 1.420836 1.731789 0.130754 0.206250 0.508183 0.691872 0.920870 1.156015 1.435878 1.675803 0.255407 0.369893 0.555081 0.838309 1.080238 1.193287 1.536050 1.710768 0.530239 0.621098 0.776504 0.885062 1.121006 1.367102 1.528194 1.890134 0.737627 0.865171 1.005763 1.045899 1.292130 1.470891 1.730158 1.980994 1.124234 1.129953 1.223105 1.361608 1.456086 1.727164 1.866392 2.086041 1.392422 1.364913 1.458792 1.594571 1.686455 1.885414 2.011777 2.208418 1.630400 1.707958 1.778977 1.779507 1.910342 2.069188 2.258070 2.352185 
0.115277 0.109207 0.107175 0.074677 0.103492 0.084835 0.092492 0.113597 0.068012 0.105028 0.069935 0.117872 0.097033 0.114588 0.089403 0.073811 0.066007 0.077472 0.074901 0.038233 0.050076 0.088420 0.068536 0.085398 0.049761 0.039711 0.029709 0.061986 0.027863 0.042408 0.087487 0.009457 0.047469 0.019454 0.000000 0.056605 0.136752 0.269271 0.401196 0.659512 0.948495 1.113688 1.376375 1.696266 0.115689 0.190679 0.452869 0.632873 0.858893 1.101541 1.389374 1.635232 0.210976 0.314823 0.485235 0.764722 1.014113 1.133044 1.487533 1.668130 0.448974 0.537900 0.693228 0.806676 1.048385 1.305569 1.474392 1.845667 0.645432 0.775125 0.920236 0.965365 1.222116 1.409207 1.678178 1.936516 1.035086 1.044338 1.142449 1.287045 1.387932 1.671918 1.816551 2.041836 1.310775 1.284850 1.384980 1.526566 1.624509 1.831701 1.963469 2.164154 1.555619 1.636819 1.711800 1.715881 1.851005 2.015773 2.211467 2.307826 
0.075073 0.068776 0.068044 0.022877 0.052269 0.033443 0.069069 0.069961 0.017590 0.061295 0.027334 0.064814 0.068597 0.075853 0.047551 0.030302 0.014834 0.031267 0.065403 0.032919 0.007777 0.045784 0.024543 0.033882 0.052128 0.040533 0.035500 0.023757 0.040750 0.027538 0.068816 0.050943 0.027128 0.039183 0.056605 0.000000 0.089057 0.265756 0.448246 0.757806 1.043740 1.202633 1.452623 1.752026 0.169260 0.226717 0.564317 0.745789 0.978821 1.203138 1.474588 1.708924 0.336113 0.446470 0.639490 0.920884 1.150324 1.253678 1.583316 1.750411 0.642761 0.730090 0.879719 0.978168 1.206021 1.436703 1.586309 1.938853 0.860327 0.982672 1.115704 1.145630 1.378090 1.545644 1.793230 2.035030 1.244417 1.244298 1.330625 1.460596 1.544572 1.800060 1.932608 2.143448 1.506695 1.475549 1.561016 1.689967 1.771188 1.960491 2.079284 2.269982 1.738651 1.811364 1.876621 1.871206 1.996051 2.146800 2.326531 2.417193 
0.107579 0.095962 0.106160 0.080644 0.050801 0.077272 0.140011 0.093133 0.073930 0.092370 0.065668 0.053883 0.136844 0.130460 0.102923 0.102920 0.075623 0.062529 0.152903 0.109328 0.093727 0.101128 0.067030 0.068225 0.139479 0.118363 0.111804 0.105774 0.117502 0.101236 0.146002 0.129862 0.109346 0.117347 0.136752 0.089057 0.000000 0.115410 0.224644 0.436011 0.672186 0.833169 1.097119 1.414932 0.174730 0.161257 0.345116 0.447010 0.641633 0.851853 1.143492 1.403589 0.309455 0.335940 0.440773 0.641212 0.843184 0.934426 1.292719 1.469700 0.520848 0.559580 0.659414 0.723889 0.943427 1.172232 1.319384 1.708292 0.704097 0.800523 0.916978 0.914945 1.150409 1.322446 1.589543 1.847436 1.095752 1.086255 1.170106 1.294462 1.361826 1.641274 1.782965 1.987554 1.396316 1.350669 1.436963 1.575574 1.633810 1.840676 1.960237 2.149248 1.659194 1.731188 1.792263 1.777396 1.900454 2.052710 2.236756 2.325375 
0.292334 0.285909 0.300693 0.265930 0.186681 0.251600 0.320918 0.270878 0.256785 0.276395 0.215915 0.185685 0.315619 0.300538 0.290118 0.286312 0.257889 0.217178 0.314774 0.313011 0.262336 0.287606 0.225082 0.234623 0.312959 0.319665 0.308744 0.291492 0.312174 0.226710 0.323410 0.286884 0.306060 0.280977 0.269271 0.265756 0.115410 0.000000 0.096184 0.239079 0.344551 0.400425 0.482464 0.571648 0.190338 0.128599 0.218495 0.253900 0.343603 0.410203 0.492275 0.559165 0.310352 0.278350 0.311171 0.374807 0.427607 0.447514 0.533563 0.574990 0.428401 0.409941 0.419935 0.418753 0.476115 0.521352 0.550392 0.638754 0.507565 0.501007 0.511668 0.492211 0.532348 0.560058 0.607822 0.657588 0.612554 0.569960 0.568793 0.586281 0.586759 0.613505 0.631652 0.682590 0.680372 0.636578 0.623376 0.637279 0.636191 0.655397 0.666249 0.712296 0.731007 0.721917 0.712672 0.680788 0.701699 0.718054 0.733857 0.751637 
0.451359 0.443590 0.468498 0.450913 0.341526 0.434847 0.476962 0.428801 0.437290 0.446573 0.376641 0.329689 0.478683 0.469782 0.474989 0.476447 0.438645 0.381532 0.471814 0.479384 0.441270 0.473056 0.389398 0.413306 0.477501 0.482358 0.470232 0.479690 0.470493 0.379969 0.477952 0.429391 0.484065 0.435519 0.401196 0.448246 0.224644 0.096184 0.000000 0.150401 0.272350 0.337671 0.439264 0.554541 0.239493 0.165135 0.168649 0.176104 0.274715 0.350155 0.454273 0.541691 0.349236 0.285781 0.290199 0.331876 0.382258 0.401452 0.511353 0.565166 0.456549 0.417479 0.409875 0.394104 0.454534 0.503132 0.536498 0.652739 0.538391 0.517435 0.520083 0.486105 0.528300 0.559493 0.619671 0.683684 0.655069 0.597512 0.591446 0.607476 0.602115 0.634727 0.656999 0.719610 0.739278 0.679799 0.659482 0.674824 0.668372 0.691765 0.703275 0.760456 0.803726 0.788877 0.774191 0.730168 0.755348 0.774378 0.789606 0.811132 
0.741933 0.737292 0.765801 0.764155 0.640125 0.754141 0.778608 0.722602 0.739924 0.752278 0.671225 0.619544 0.786888 0.778583 0.800456 0.803584 0.741317 0.676627 0.771846 0.775196 0.750739 0.799416 0.684669 0.721934 0.776103 0.775028 0.756738 0.801601 0.752587 0.676378 0.774067 0.695911 0.789628 0.714409 0.659512 0.757806 0.436011 0.239079 0.150401 0.000000 0.133929 0.207004 0.324108 0.455935 0.325864 0.263269 0.164548 0.075182 0.140362 0.217952 0.340487 0.440310 0.417502 0.328940 0.287834 0.264548 0.282011 0.288475 0.412665 0.469427 0.496537 0.432801 0.393913 0.348794 0.391396 0.423956 0.448021 0.577419 0.566462 0.523318 0.507332 0.451439 0.476583 0.498093 0.558249 0.626916 0.670080 0.598779 0.582104 0.586394 0.566050 0.594072 0.616210 0.676504 0.754666 0.682903 0.651937 0.662386 0.642375 0.665151 0.673881 0.731706 0.819539 0.796323 0.773966 0.720715 0.742789 0.759404 0.771443 0.793209 
1.024519 1.022792 1.051005 1.049717 0.929485 1.041740 1.083246 1.008975 1.023328 1.040691 0.958421 0.911422 1.089375 1.069362 1.094001 1.096951 1.024737 0.961585 1.078195 1.066057 1.038157 1.092944 0.970831 1.006589 1.074529 1.068612 1.045566 1.093551 1.041521 0.974205 1.079315 0.984268 1.080331 1.002526 0.948495 1.043740 0.672186 0.344551 0.272350 0.133929 0.000000 0.078027 0.199035 0.342764 0.411871 0.367647 0.277838 0.172364 0.132774 0.125081 0.234435 0.342537 0.512400 0.427413 0.376595 0.310760 0.272938 0.243554 0.339922 0.392008 0.582276 0.510577 0.457210 0.395359 0.407319 0.404237 0.404976 0.530033 0.643750 0.586642 0.557885 0.490885 0.491946 0.495069 0.538389 0.596684 0.733098 0.650337 0.624701 0.618960 0.585175 0.595591 0.610589 0.659109 0.814765 0.731459 0.689860 0.693774 0.660587 0.674867 0.675456 0.727645 0.878219 0.845803 0.814714 0.751512 0.768392 0.777755 0.781322 0.800320 
1.197963 1.195968 1.222683 1.210898 1.099582 1.204430 1.260814 1.182751 1.184665 1.211136 1.122662 1.087567 1.265029 1.241961 1.260082 1.259328 1.185708 1.126028 1.253256 1.227661 1.196920 1.258613 1.134327 1.170193 1.241588 1.232117 1.207105 1.254239 1.204031 1.138123 1.257287 1.148079 1.241210 1.164311 1.113688 1.202633 0.833169 0.400425 0.337671 0.207004 0.078027 0.000000 0.122369 0.270952 0.445387 0.413457 0.331940 0.231217 0.158458 0.084860 0.163101 0.269029 0.548953 0.468178 0.413655 0.331819 0.266483 0.217043 0.283235 0.326084 0.612539 0.538232 0.478875 0.410968 0.405330 0.379447 0.362686 0.477066 0.667423 0.604256 0.568990 0.498065 0.483882 0.474224 0.505696 0.558161 0.745673 0.659566 0.629506 0.617447 0.576587 0.576040 0.585431 0.622824 0.822436 0.735796 0.689431 0.688929 0.648124 0.656444 0.651682 0.696810 0.881947 0.845002 0.809614 0.743329 0.755376 0.759236 0.757070 0.772955 
1.463646 1.460851 1.485958 1.462360 1.361435 1.456590 1.530618 1.447971 1.437318 1.471871 1.379790 1.355752 1.531960 1.505453 1.515308 1.510876 1.438090 1.383187 1.521466 1.481569 1.446897 1.513299 1.390490 1.424542 1.501557 1.488194 1.462008 1.504818 1.460503 1.394346 1.528327 1.408113 1.493343 1.420836 1.376375 1.452623 1.097119 0.482464 0.439264 0.324108 0.199035 0.122369 0.000000 0.157072 0.502284 0.486226 0.427391 0.340480 0.256154 0.148129 0.096689 0.168446 0.624051 0.548779 0.495472 0.405190 0.315388 0.246251 0.237693 0.249501 0.691886 0.611530 0.544993 0.473294 0.447885 0.390371 0.342931 0.426551 0.744821 0.669440 0.625356 0.549593 0.515881 0.487400 0.494480 0.528298 0.815731 0.717043 0.679310 0.659487 0.607568 0.587424 0.587657 0.609085 0.891568 0.792047 0.735324 0.728712 0.676033 0.674147 0.659752 0.695825 0.949870 0.902996 0.858522 0.782101 0.788577 0.783593 0.770027 0.781436 
1.768430 1.764200 1.788913 1.759598 1.664911 1.752880 1.842462 1.750923 1.736846 1.771650 1.684599 1.661031 1.840488 1.809843 1.812734 1.807492 1.737778 1.686938 1.835568 1.786539 1.747315 1.810289 1.694325 1.723398 1.811404 1.795110 1.769548 1.802796 1.769957 1.701293 1.842457 1.724145 1.795059 1.731789 1.696266 1.752026 1.414932 0.571648 0.554541 0.455935 0.342764 0.270952 0.157072 0.000000 0.573046 0.571672 0.555159 0.472378 0.404941 0.300309 0.207208 0.175722 0.730122 0.661466 0.617709 0.532619 0.445841 0.375226 0.311040 0.273580 0.821009 0.731365 0.662180 0.589204 0.560688 0.489754 0.422383 0.453891 0.881982 0.788413 0.737125 0.660659 0.617656 0.576902 0.561147 0.568521 0.957559 0.833560 0.787035 0.763203 0.705443 0.665223 0.654169 0.657702 1.046005 0.916340 0.844373 0.833626 0.769838 0.756302 0.729884 0.759344 1.115422 1.049665 0.989418 0.892997 0.896926 0.883116 0.855841 0.863619 
