0.000000 0.007193 0.007637 0.047700 0.055545 0.042293 0.046025 0.012119 0.056047 0.015600 0.068404 0.048334 0.039000 0.018554 0.026527 0.043441 0.057530 0.063713 0.064889 0.072957 0.068190 0.027471 0.066563 0.049625 0.073186 0.074400 0.079234 0.053555 0.081714 0.083538 0.053709 0.095050 0.065592 0.087960 0.101514 0.062906 0.087411 0.173364 0.244925 0.638924 0.812796 0.916133 1.080363 1.275442 0.166096 0.184507 0.547713 0.644749 0.790759 0.940103 1.119290 1.260165 0.233510 0.493287 0.608727 0.775428 0.913504 0.974225 1.186968 1.295278 0.370162 0.676915 0.759256 0.816792 0.959759 1.104410 1.198053 1.433331 0.740265 0.821847 0.907534 0.926298 1.073413 1.180194 1.341355 1.501388 0.981599 0.999728 1.043185 1.129626 1.184326 1.348766 1.435109 1.598845 1.149720 1.134734 1.192877 1.278485 1.333500 1.457061 1.534462 1.663994 1.303948 1.357043 1.403483 1.399765 1.484803 1.585565 1.704353 1.765894 
0.007193 0.000000 0.009190 0.042534 0.048482 0.036479 0.048908 0.005379 0.050609 0.009338 0.062396 0.041154 0.042038 0.025935 0.024626 0.040628 0.052226 0.057454 0.066173 0.070713 0.063960 0.025140 0.060653 0.043324 0.080392 0.072734 0.076772 0.050863 0.079526 0.078982 0.056083 0.092464 0.063199 0.084829 0.098718 0.058481 0.089006 0.166205 0.237750 0.626007 0.799907 0.903230 1.067463 1.262617 0.161032 0.178045 0.535557 0.631992 0.778001 0.927043 1.106220 1.247278 0.230350 0.484206 0.598387 0.763966 0.901388 0.961744 1.174359 1.282547 0.406936 0.669574 0.750219 0.806386 0.948912 1.092788 1.185931 1.421110 0.736464 0.815773 0.900017 0.917023 1.063222 1.169334 1.330025 1.489724 0.978213 0.994197 1.036538 1.121802 1.175111 1.338602 1.424562 1.587500 1.146983 1.130015 1.186574 1.271437 1.324725 1.447633 1.524394 1.653463 1.301088 1.352677 1.397737 1.392744 1.476976 1.576842 1.694810 1.756029 
0.007637 0.009190 0.000000 0.041721 0.052950 0.037121 0.039843 0.014304 0.050261 0.012768 0.063223 0.047559 0.032925 0.016367 0.019037 0.036078 0.051593 0.058946 0.057805 0.065391 0.061355 0.020091 0.061257 0.045072 0.072771 0.066771 0.071701 0.046116 0.074134 0.076864 0.047187 0.087530 0.058060 0.080588 0.094036 0.056218 0.096040 0.172458 0.243767 0.635878 0.810586 0.913660 1.077924 1.273917 0.159682 0.179797 0.540365 0.639644 0.785634 0.935933 1.115234 1.256142 0.226087 0.481677 0.598297 0.766555 0.905983 0.967798 1.181031 1.289947 0.400859 0.663956 0.747568 0.806407 0.949916 1.095792 1.190524 1.426054 0.726586 0.808605 0.894874 0.914786 1.062762 1.170354 1.332209 1.492830 0.967893 0.986120 1.030135 1.117117 1.172751 1.338074 1.424852 1.589331 1.136006 1.121163 1.179700 1.265592 1.321583 1.445654 1.523662 1.653711 1.290233 1.343417 1.390133 1.386857 1.472286 1.573605 1.693041 1.754882 
0.047700 0.042534 0.041721 0.000000 0.028485 0.008225 0.052826 0.041800 0.008669 0.033324 0.022703 0.036074 0.049797 0.054221 0.026546 0.017533 0.009872 0.020372 0.055133 0.038199 0.022994 0.024787 0.020455 0.012219 0.054234 0.043024 0.042308 0.021323 0.046107 0.036842 0.054486 0.056145 0.031326 0.046710 0.061235 0.017192 0.071841 0.144655 0.213781 0.577061 0.754342 0.856207 1.020335 1.219532 0.118511 0.139113 0.469042 0.573948 0.719606 0.871921 1.051387 1.192981 0.190179 0.407852 0.523379 0.692528 0.834014 0.898140 1.112457 1.222909 0.359937 0.593191 0.673860 0.731486 0.875088 1.022020 1.118447 1.354401 0.668644 0.742249 0.824322 0.840751 0.987905 1.095521 1.257836 1.419094 0.911340 0.920836 0.961943 1.045810 1.098814 1.263235 1.349927 1.513702 1.082016 1.059318 1.112507 1.196240 1.248341 1.371452 1.448878 1.578786 1.235611 1.282786 1.324657 1.317570 1.400966 1.500458 1.618712 1.680244 
0.055545 0.048482 0.052950 0.028485 0.000000 0.023392 0.077731 0.044686 0.027248 0.040414 0.026347 0.013977 0.073268 0.064975 0.046671 0.045023 0.029196 0.020077 0.083197 0.065037 0.045259 0.045080 0.026443 0.016278 0.076817 0.070463 0.067954 0.049781 0.072011 0.053028 0.080904 0.079557 0.058863 0.069251 0.083287 0.040381 0.037764 0.120773 0.191506 0.541033 0.716352 0.819163 0.983432 1.180371 0.124157 0.131785 0.449592 0.545024 0.691033 0.839520 1.018810 1.161061 0.204934 0.415111 0.521186 0.680709 0.815450 0.874844 1.087307 1.195530 0.342479 0.610019 0.680072 0.728376 0.868462 1.008683 1.099937 1.334802 0.699426 0.763616 0.838556 0.845106 0.986059 1.088678 1.247115 1.405367 0.942623 0.944635 0.980047 1.057992 1.103163 1.261374 1.345338 1.504011 1.115039 1.085360 1.131867 1.212040 1.255112 1.374278 1.447572 1.574237 1.267949 1.309774 1.346104 1.333343 1.412689 1.507316 1.620698 1.680179 
0.042293 0.036479 0.037121 0.008225 0.023392 0.000000 0.054756 0.035047 0.014478 0.027141 0.026146 0.028742 0.050777 0.051417 0.025111 0.021819 0.016359 0.021932 0.060004 0.046051 0.031078 0.023369 0.024270 0.008909 0.061760 0.050605 0.050390 0.028052 0.054131 0.044315 0.057571 0.064363 0.038962 0.054929 0.069455 0.025279 0.067299 0.142708 0.212652 0.576813 0.753360 0.855642 1.019857 1.218121 0.124893 0.142688 0.474210 0.576276 0.722126 0.873330 1.052771 1.194444 0.198039 0.419197 0.532925 0.699916 0.839654 0.902410 1.116198 1.225947 0.369638 0.606395 0.685197 0.740953 0.883810 1.029128 1.124174 1.359855 0.683203 0.755947 0.837065 0.851795 0.997726 1.104245 1.265653 1.426166 0.925946 0.934994 0.975265 1.058273 1.109913 1.273102 1.359207 1.521950 1.096710 1.073547 1.126010 1.209270 1.259910 1.382292 1.458885 1.588099 1.250280 1.297110 1.338429 1.330608 1.413396 1.512069 1.629410 1.690531 
0.046025 0.048908 0.039843 0.052826 0.077731 0.054756 0.000000 0.053579 0.059960 0.047941 0.074039 0.078563 0.007043 0.031059 0.031997 0.035791 0.059836 0.073017 0.022261 0.048294 0.058740 0.033300 0.071645 0.063334 0.043063 0.045731 0.054605 0.038881 0.054861 0.073139 0.008399 0.068720 0.043983 0.066236 0.075771 0.056543 0.126687 0.197268 0.266607 0.671219 0.848902 0.950512 1.114556 1.314241 0.152640 0.185466 0.553991 0.664990 0.810125 0.965482 1.144908 1.285007 0.204536 0.464157 0.590070 0.768812 0.916439 0.984534 1.200009 1.312026 0.369690 0.631475 0.727286 0.797303 0.944478 1.098639 1.200168 1.436835 0.676261 0.769034 0.863421 0.895536 1.050652 1.164360 1.330956 1.495366 0.915253 0.942222 0.993087 1.086986 1.152268 1.325075 1.415226 1.586027 1.080622 1.074047 1.140436 1.230392 1.297518 1.426305 1.509510 1.643602 1.235163 1.294426 1.347638 1.351315 1.441559 1.548798 1.674278 1.738694 
0.012119 0.005379 0.014304 0.041800 0.044686 0.035047 0.053579 0.000000 0.049459 0.009057 0.060434 0.036468 0.046803 0.031753 0.027244 0.042144 0.051216 0.055170 0.070052 0.072359 0.063973 0.027440 0.058835 0.041093 0.083404 0.074790 0.078219 0.052329 0.081167 0.078589 0.060515 0.093747 0.064783 0.085702 0.099812 0.058347 0.083720 0.161368 0.232978 0.617759 0.791343 0.894751 1.058966 1.253821 0.159939 0.175232 0.529555 0.624657 0.770655 0.919098 1.098215 1.239387 0.230966 0.482133 0.594895 0.759015 0.895421 0.955084 1.167405 1.275268 0.408235 0.669228 0.748127 0.802784 0.944761 1.087587 1.179940 1.414941 0.738949 0.816426 0.899383 0.914664 1.059849 1.165152 1.325225 1.484448 0.980976 0.995362 1.036670 1.120861 1.172793 1.335243 1.420752 1.582817 1.150207 1.131742 1.186992 1.271198 1.322849 1.445078 1.521136 1.649665 1.304213 1.354667 1.398613 1.392523 1.476011 1.575007 1.692125 1.752992 
0.056047 0.050609 0.050261 0.008669 0.027248 0.014478 0.059960 0.049459 0.000000 0.041307 0.014353 0.037704 0.057461 0.063656 0.035134 0.024171 0.002170 0.013377 0.059832 0.037849 0.018601 0.033386 0.012018 0.012488 0.056285 0.043429 0.040740 0.024771 0.044781 0.030133 0.060828 0.053017 0.031991 0.042979 0.057377 0.013277 0.067829 0.138465 0.206917 0.563583 0.741231 0.842848 1.006912 1.206622 0.110504 0.130464 0.453643 0.559307 0.704877 0.857414 1.036877 1.178624 0.184102 0.393417 0.508144 0.676966 0.818531 0.882895 1.097334 1.207983 0.353146 0.580097 0.659429 0.716235 0.859668 1.006452 1.102951 1.338936 0.659223 0.730369 0.811077 0.826150 0.972768 1.080104 1.242301 1.403526 0.902145 0.909324 0.949436 1.032272 1.084247 1.248117 1.334634 1.497981 1.073421 1.048639 1.100279 1.183334 1.234069 1.356747 1.433810 1.563503 1.226806 1.272389 1.312902 1.304673 1.387396 1.486216 1.603937 1.665286 
0.015600 0.009338 0.012768 0.033324 0.040414 0.027141 0.047941 0.009057 0.041307 0.000000 0.053083 0.034864 0.041537 0.029622 0.018995 0.033146 0.042953 0.048217 0.062705 0.063354 0.055130 0.018925 0.051325 0.034099 0.074087 0.065899 0.069180 0.043307 0.072157 0.069945 0.054225 0.084692 0.055770 0.076659 0.090756 0.049560 0.082125 0.159691 0.231003 0.613068 0.787675 0.890774 1.055036 1.250988 0.151772 0.168938 0.519728 0.617503 0.763508 0.913084 1.092351 1.233587 0.221977 0.467562 0.581626 0.747529 0.885506 0.946442 1.159357 1.267934 0.397286 0.653366 0.733577 0.789631 0.932233 1.076452 1.170055 1.405363 0.722688 0.800409 0.883891 0.900330 1.046455 1.152659 1.313521 1.473418 0.964731 0.978993 1.020833 1.105539 1.158426 1.321834 1.407825 1.570699 1.134021 1.115509 1.171052 1.255519 1.308140 1.430912 1.507624 1.636724 1.288010 1.338413 1.382539 1.376836 1.460705 1.560268 1.678073 1.739265 
0.068404 0.062396 0.063223 0.022703 0.026347 0.026146 0.074039 0.060434 0.014353 0.053083 0.000000 0.039793 0.071750 0.078886 0.049228 0.038288 0.014208 0.006390 0.072192 0.045604 0.023542 0.047463 0.002395 0.019427 0.066900 0.051769 0.046621 0.037224 0.050732 0.027105 0.074448 0.055618 0.041413 0.045156 0.058441 0.020971 0.058695 0.125717 0.193371 0.538276 0.716163 0.817601 0.981616 1.181679 0.100503 0.116717 0.428381 0.533531 0.679103 0.831331 1.010793 1.152889 0.178787 0.374702 0.486424 0.653018 0.793507 0.857373 1.071698 1.182246 0.347596 0.565176 0.640510 0.694376 0.836938 0.982301 1.077978 1.313843 0.652162 0.717979 0.795366 0.806636 0.951342 1.057369 1.218706 1.379354 0.895348 0.897862 0.935477 1.015733 1.064786 1.226734 1.312510 1.474335 1.067723 1.038723 1.086921 1.168346 1.215477 1.336815 1.412609 1.541412 1.220644 1.262994 1.300570 1.289681 1.370705 1.467679 1.583757 1.644474 
0.048334 0.041154 0.047559 0.036074 0.013977 0.028742 0.078563 0.036468 0.037704 0.034864 0.039793 0.000000 0.073174 0.067606 0.046568 0.049923 0.039840 0.033414 0.087566 0.074211 0.056296 0.045287 0.039570 0.025282 0.093153 0.079095 0.077947 0.056793 0.081871 0.065798 0.083033 0.090720 0.067399 0.080655 0.094987 0.050921 0.044139 0.125083 0.196596 0.552267 0.725999 0.829334 0.993563 1.188830 0.138107 0.143979 0.468804 0.560160 0.706103 0.852910 1.031965 1.174058 0.218577 0.439848 0.544638 0.701896 0.834464 0.892050 1.103609 1.210787 0.395725 0.635472 0.704589 0.751513 0.890805 1.029238 1.118804 1.353199 0.723470 0.788633 0.863601 0.869364 1.009327 1.110888 1.268317 1.425678 0.966626 0.969904 1.005147 1.082930 1.127369 1.284577 1.367984 1.525769 1.138730 1.110083 1.156956 1.237115 1.279586 1.398239 1.470848 1.596855 1.291791 1.334414 1.371142 1.358416 1.437581 1.531779 1.644508 1.703648 
0.039000 0.042038 0.032925 0.049797 0.073268 0.050777 0.007043 0.046803 0.057461 0.041537 0.071750 0.073174 0.000000 0.023438 0.026794 0.033609 0.057582 0.070161 0.028320 0.050591 0.058429 0.028274 0.069373 0.059557 0.047812 0.048827 0.057105 0.038478 0.057834 0.073434 0.015160 0.071885 0.045424 0.068452 0.078935 0.055592 0.121628 0.193482 0.263292 0.666486 0.843710 0.945631 1.109762 1.308789 0.154341 0.185045 0.553072 0.662078 0.807461 0.961983 1.141441 1.281697 0.208944 0.468581 0.593039 0.770092 0.916348 0.983349 1.198485 1.309966 0.375998 0.638644 0.732441 0.800581 0.947192 1.099961 1.200318 1.436832 0.686325 0.777423 0.870517 0.900599 1.054554 1.167242 1.333054 1.496832 0.925727 0.951383 1.001137 1.093930 1.157621 1.329198 1.418789 1.588550 1.091522 1.083707 1.148874 1.238192 1.303502 1.431522 1.513861 1.647282 1.246031 1.304401 1.356617 1.359189 1.448665 1.554943 1.679430 1.743420 
0.018554 0.025935 0.016367 0.054221 0.064975 0.051417 0.031059 0.031753 0.063656 0.029622 0.078886 0.067606 0.023438 0.000000 0.025364 0.042357 0.064637 0.075203 0.053730 0.070497 0.071677 0.027236 0.076504 0.060891 0.061054 0.070440 0.077703 0.051867 0.079557 0.088896 0.036097 0.094828 0.063255 0.080245 0.102330 0.066902 0.100639 0.203465 0.281065 0.668533 0.846434 0.950700 1.117283 1.316810 0.179486 0.206156 0.565943 0.669970 0.817919 0.958373 1.137769 1.296328 0.246268 0.495995 0.617819 0.792141 0.936163 1.000687 1.217627 1.328932 0.359378 0.666131 0.765031 0.828809 0.975706 1.126423 1.224611 1.463867 0.730745 0.819078 0.910114 0.935134 1.087894 1.199176 1.364948 1.529093 0.974367 0.983595 1.044972 1.136153 1.196407 1.366881 1.456100 1.602701 1.143400 1.132661 1.195721 1.284639 1.346009 1.473676 1.554722 1.688072 1.300004 1.357169 1.407701 1.407499 1.496195 1.601358 1.724827 1.788508 
0.026527 0.024626 0.019037 0.026546 0.046671 0.025111 0.031997 0.027244 0.035134 0.018995 0.049228 0.046568 0.026794 0.025364 0.000000 0.017121 0.035972 0.046271 0.044018 0.046457 0.043216 0.001775 0.046999 0.034018 0.053664 0.048168 0.052708 0.027082 0.055236 0.058936 0.036926 0.068523 0.039067 0.061574 0.075004 0.038471 0.092415 0.167272 0.237562 0.621901 0.798346 0.900695 1.064918 1.262977 0.141982 0.165564 0.516711 0.620869 0.766639 0.918897 1.098348 1.239365 0.207051 0.449548 0.568221 0.739448 0.881622 0.945766 1.159979 1.270198 0.377933 0.629660 0.715231 0.776324 0.920814 1.069072 1.166032 1.402032 0.692851 0.774437 0.861170 0.882704 1.032135 1.141207 1.304379 1.466146 0.934379 0.951459 0.996067 1.083582 1.140542 1.307337 1.394891 1.560607 1.102902 1.087106 1.145556 1.231647 1.288840 1.413695 1.492719 1.623682 1.257047 1.309470 1.355945 1.352898 1.438733 1.540789 1.661223 1.723561 
0.043441 0.040628 0.036078 0.017533 0.045023 0.021819 0.035791 0.042144 0.024171 0.033146 0.038288 0.049923 0.033609 0.042357 0.017121 0.000000 0.024080 0.037320 0.038200 0.030215 0.026871 0.015990 0.035898 0.029189 0.039797 0.032941 0.036155 0.010236 0.039025 0.042622 0.036976 0.051840 0.022643 0.044522 0.058157 0.022847 0.090603 0.162123 0.230988 0.606954 0.784639 0.886238 1.050289 1.250019 0.125554 0.152070 0.493534 0.601723 0.747110 0.900868 1.080320 1.221400 0.190071 0.419659 0.539746 0.713187 0.857501 0.923531 1.138456 1.249716 0.357806 0.598485 0.685157 0.747767 0.892945 1.042990 1.141692 1.378009 0.663540 0.743845 0.830447 0.852770 1.003145 1.113262 1.277394 1.440014 0.905405 0.920675 0.965356 1.052903 1.110514 1.278245 1.366331 1.532837 1.074523 1.057138 1.114914 1.200902 1.258507 1.383807 1.463477 1.595057 1.228537 1.279728 1.325477 1.322155 1.408046 1.510414 1.631413 1.694061 
0.057530 0.052226 0.051593 0.009872 0.029196 0.016359 0.059836 0.051216 0.002170 0.042953 0.014208 0.039840 0.057582 0.064637 0.035972 0.024080 0.000000 0.014205 0.058923 0.036029 0.016457 0.034244 0.011818 0.014649 0.054639 0.041700 0.038759 0.023792 0.042816 0.028076 0.060405 0.050889 0.030363 0.040828 0.055217 0.011218 0.069395 0.139144 0.207322 0.563769 0.741585 0.843081 1.007108 1.207055 0.108820 0.129598 0.452370 0.558795 0.704293 0.857117 1.036575 1.178292 0.182014 0.390426 0.505651 0.675058 0.817091 0.881823 1.096394 1.207228 0.350577 0.576602 0.656441 0.713757 0.857390 1.004607 1.101476 1.337530 0.655372 0.726743 0.807709 0.823241 0.970190 1.077821 1.240261 1.401684 0.898285 0.905580 0.945914 1.028981 1.081323 1.245524 1.332199 1.495823 1.069541 1.044877 1.096710 1.179891 1.231018 1.353892 1.431179 1.561057 1.222933 1.268604 1.309263 1.301229 1.384115 1.483155 1.601120 1.662579 
0.063713 0.057454 0.058946 0.020372 0.020077 0.021932 0.073017 0.055170 0.013377 0.048217 0.006390 0.033414 0.070161 0.075203 0.046271 0.037320 0.014205 0.000000 0.073114 0.048894 0.027343 0.044496 0.006423 0.014131 0.069651 0.054870 0.050620 0.037991 0.054745 0.033040 0.074146 0.060682 0.043935 0.050244 0.063892 0.023644 0.054609 0.125088 0.193668 0.540488 0.717855 0.819656 0.983773 1.183124 0.106545 0.120875 0.434824 0.537804 0.683552 0.834979 1.014443 1.156576 0.185173 0.385253 0.495880 0.661018 0.800276 0.863150 1.077090 1.187122 0.355303 0.576563 0.650951 0.703725 0.845794 0.990080 1.084799 1.320467 0.663555 0.729389 0.806450 0.816887 0.960869 1.066206 1.226945 1.387091 0.906733 0.909476 0.946765 1.026674 1.075036 1.236264 1.321678 1.482889 1.079038 1.050198 1.098259 1.179515 1.225967 1.346903 1.422212 1.550590 1.231994 1.274468 1.311974 1.300847 1.381608 1.478176 1.593752 1.654231 
0.064889 0.066173 0.057805 0.055133 0.083197 0.060004 0.022261 0.070052 0.059832 0.062705 0.072192 0.087566 0.028320 0.053730 0.044018 0.038200 0.058923 0.073114 0.000000 0.034318 0.051740 0.044578 0.069891 0.067192 0.022093 0.029600 0.039396 0.035134 0.038268 0.063195 0.014203 0.050918 0.033333 0.051074 0.057750 0.051783 0.132060 0.197897 0.265110 0.663700 0.842623 0.943050 1.106644 1.308438 0.136997 0.175227 0.535014 0.651632 0.795750 0.953191 1.132355 1.272186 0.183367 0.432131 0.561012 0.743560 0.894585 0.965630 1.181907 1.295417 0.343019 0.593941 0.693479 0.767307 0.915642 1.073017 1.177479 1.414439 0.636328 0.730274 0.826282 0.861807 1.019165 1.135031 1.303361 1.469229 0.875278 0.902286 0.954672 1.050021 1.117916 1.293046 1.384337 1.557062 1.040764 1.034255 1.101585 1.192252 1.262034 1.392145 1.476985 1.612418 1.195290 1.254510 1.308282 1.313076 1.404319 1.513011 1.640200 1.705406 
0.072957 0.070713 0.065391 0.038199 0.065037 0.046051 0.048294 0.072359 0.037849 0.063354 0.045604 0.074211 0.050591 0.070497 0.046457 0.030215 0.036029 0.048894 0.034318 0.000000 0.022123 0.045674 0.043732 0.049345 0.018524 0.006315 0.006623 0.020070 0.008816 0.029555 0.043738 0.022329 0.007595 0.017946 0.029144 0.025285 0.108007 0.169188 0.234200 0.604827 0.784188 0.883964 1.047278 1.249992 0.104409 0.140921 0.473392 0.590610 0.734462 0.891525 1.070580 1.211138 0.161129 0.377775 0.503413 0.683505 0.833383 0.904025 1.120278 1.233818 0.321747 0.548708 0.641631 0.710579 0.857891 1.013190 1.116518 1.353412 0.609508 0.692180 0.781740 0.809765 0.964014 1.077704 1.244710 1.409700 0.851231 0.867320 0.914619 1.004806 1.066860 1.238533 1.328512 1.498304 1.020262 1.003731 1.063509 1.150879 1.213119 1.340713 1.423100 1.556908 1.174281 1.226040 1.273195 1.272036 1.359767 1.464695 1.588605 1.652574 
0.068190 0.063960 0.061355 0.022994 0.045259 0.031078 0.058740 0.063973 0.018601 0.055130 0.023542 0.056296 0.058429 0.071677 0.043216 0.026871 0.016457 0.027343 0.051740 0.022123 0.000000 0.041766 0.021776 0.031080 0.041812 0.028359 0.023279 0.019969 0.027405 0.015768 0.056993 0.034447 0.018887 0.024382 0.038817 0.005804 0.084227 0.147622 0.213663 0.570864 0.749716 0.850242 1.013913 1.215525 0.098797 0.126754 0.448529 0.560683 0.705446 0.860417 1.039732 1.181085 0.167290 0.371942 0.491493 0.665694 0.811434 0.879047 1.094548 1.206775 0.332120 0.553093 0.637664 0.699510 0.844772 0.995548 1.095388 1.331911 0.627394 0.701596 0.785219 0.805099 0.954931 1.065067 1.229495 1.392516 0.870137 0.879274 0.921828 1.007186 1.062953 1.230058 1.318074 1.484107 1.040995 1.018096 1.072106 1.156582 1.211456 1.336086 1.415338 1.546802 1.194519 1.241516 1.283882 1.277892 1.362365 1.463455 1.583617 1.646041 
0.027471 0.025140 0.020091 0.024787 0.045080 0.023369 0.033300 0.027440 0.033386 0.018925 0.047463 0.045287 0.028274 0.027236 0.001775 0.015990 0.034244 0.044496 0.044578 0.045674 0.041766 0.000000 0.045238 0.032277 0.053462 0.047596 0.051851 0.026087 0.054473 0.057458 0.037968 0.067635 0.038223 0.060508 0.074055 0.036942 0.090751 0.165623 0.235869 0.618779 0.795260 0.897590 1.061810 1.259919 0.140492 0.163828 0.513556 0.617684 0.763453 0.915681 1.095133 1.236193 0.206041 0.446941 0.565371 0.736406 0.878487 0.942591 1.156797 1.267010 0.376909 0.627462 0.712665 0.773479 0.917892 1.066017 1.162902 1.398891 0.691524 0.772554 0.858953 0.880099 1.029346 1.138290 1.301380 1.463092 0.933154 0.949706 0.994056 1.081304 1.137959 1.304562 1.392041 1.557596 1.101837 1.085556 1.143629 1.229549 1.286356 1.411075 1.489967 1.620839 1.255950 1.308005 1.354152 1.350809 1.436462 1.538321 1.658583 1.720854 
0.066563 0.060653 0.061257 0.020455 0.026443 0.024270 0.071645 0.058835 0.012018 0.051325 0.002395 0.039570 0.069373 0.076504 0.046999 0.035898 0.011818 0.006423 0.069891 0.043732 0.021776 0.045238 0.000000 0.018041 0.064660 0.049851 0.044983 0.034886 0.049103 0.026622 0.072063 0.054477 0.039341 0.044022 0.057546 0.018869 0.060455 0.128008 0.195741 0.542577 0.720461 0.821901 0.985916 1.185974 0.101706 0.118809 0.432327 0.537749 0.683304 0.835651 1.015112 1.157142 0.179132 0.377092 0.489468 0.656594 0.797380 0.861418 1.075794 1.186402 0.347888 0.566824 0.642969 0.697461 0.840224 0.985933 1.081837 1.317739 0.652408 0.719183 0.797199 0.809225 0.954338 1.060659 1.222200 1.382993 0.895566 0.898892 0.936985 1.017735 1.067371 1.229725 1.315664 1.477812 1.067760 1.039496 1.088322 1.170055 1.217888 1.339501 1.415563 1.544561 1.220765 1.263682 1.301788 1.291393 1.372744 1.470083 1.586496 1.647346 
0.049625 0.043324 0.045072 0.012219 0.016278 0.008909 0.063334 0.041093 0.012488 0.034099 0.019427 0.025282 0.059557 0.060891 0.034018 0.029189 0.014649 0.014131 0.067192 0.049345 0.031080 0.032277 0.018041 0.000000 0.067376 0.054549 0.052772 0.033503 0.056743 0.041880 0.065754 0.065461 0.042879 0.055462 0.069865 0.025643 0.058728 0.133979 0.203792 0.560814 0.737374 0.839644 1.003858 1.202165 0.119741 0.134897 0.459437 0.560561 0.706442 0.857220 1.036654 1.178562 0.195786 0.409477 0.521099 0.686312 0.825041 0.887220 1.100821 1.210368 0.367582 0.599214 0.675333 0.728988 0.871164 1.015306 1.109582 1.345124 0.680958 0.750394 0.829368 0.841514 0.986061 1.091578 1.252283 1.412297 0.923957 0.930102 0.968733 1.050037 1.099664 1.261456 1.346998 1.508611 1.095446 1.069633 1.119887 1.202079 1.250270 1.371703 1.447369 1.575909 1.248756 1.293558 1.332992 1.323420 1.405066 1.502467 1.618638 1.679297 
0.073186 0.080392 0.072771 0.054234 0.076817 0.061760 0.043063 0.083404 0.056285 0.074087 0.066900 0.093153 0.047812 0.061054 0.053664 0.039797 0.054639 0.069651 0.022093 0.018524 0.041812 0.053462 0.064660 0.067376 0.000000 0.011912 0.022246 0.031126 0.020173 0.050688 0.032325 0.033524 0.021699 0.031112 0.041003 0.044058 0.111975 0.202986 0.274313 0.644029 0.825982 0.927032 1.092567 1.298333 0.127634 0.171108 0.508027 0.628626 0.774155 0.921371 1.100320 1.257810 0.180460 0.401570 0.532088 0.717598 0.871514 0.944484 1.164043 1.279701 0.291982 0.559680 0.667091 0.741297 0.891715 1.051597 1.158123 1.398472 0.617989 0.708660 0.803790 0.837778 0.996843 1.114191 1.284951 1.453301 0.861742 0.871876 0.935581 1.030519 1.097742 1.274679 1.367097 1.520233 1.031309 1.020132 1.085346 1.176084 1.244448 1.375768 1.461314 1.598429 1.187824 1.244452 1.296180 1.298751 1.390074 1.499148 1.627292 1.693155 
0.074400 0.072734 0.066771 0.043024 0.070463 0.050605 0.045731 0.074790 0.043429 0.065899 0.051769 0.079095 0.048827 0.070440 0.048168 0.032941 0.041700 0.054870 0.029600 0.006315 0.028359 0.047596 0.049851 0.054549 0.011912 0.000000 0.009812 0.023315 0.009140 0.035514 0.040331 0.023067 0.011701 0.021491 0.030122 0.031226 0.114538 0.175500 0.240412 0.615498 0.794933 0.894565 1.057802 1.260715 0.107794 0.146056 0.482251 0.600503 0.744133 0.901665 1.080649 1.220979 0.161018 0.382120 0.509166 0.690611 0.841437 0.912772 1.129169 1.242996 0.320466 0.550057 0.645188 0.715977 0.863760 1.020160 1.124326 1.361283 0.606710 0.691913 0.783149 0.813424 0.968802 1.083393 1.251032 1.416500 0.847995 0.866255 0.914900 1.006446 1.070231 1.243102 1.333585 1.504371 1.016400 1.001854 1.063341 1.151533 1.215843 1.344229 1.427451 1.561867 1.170546 1.223776 1.272366 1.272623 1.361272 1.467262 1.592187 1.656570 
0.079234 0.076772 0.071701 0.042308 0.067954 0.050390 0.054605 0.078219 0.040740 0.069180 0.046621 0.077947 0.057105 0.077703 0.052708 0.036155 0.038759 0.050620 0.039396 0.006623 0.023279 0.051851 0.044983 0.052772 0.022246 0.009812 0.000000 0.025922 0.004125 0.026877 0.049702 0.015845 0.013642 0.011801 0.022565 0.027593 0.109583 0.168124 0.232117 0.599228 0.778787 0.878159 1.041273 1.244510 0.098316 0.136322 0.464668 0.583337 0.726821 0.884329 1.063255 1.203763 0.154626 0.366201 0.492352 0.673212 0.823835 0.895170 1.111585 1.225475 0.314178 0.536658 0.629892 0.699372 0.846893 1.002810 1.106758 1.343706 0.598611 0.680486 0.769852 0.798048 0.952590 1.066626 1.233945 1.399213 0.840516 0.855638 0.902829 0.992913 1.055094 1.227043 1.317188 1.487212 1.009857 0.992455 1.051789 1.139042 1.201271 1.328974 1.411549 1.545545 1.163803 1.214897 1.261611 1.260206 1.347876 1.452834 1.576878 1.640934 
0.053555 0.050863 0.046116 0.021323 0.049781 0.028052 0.038881 0.052329 0.024771 0.043307 0.037224 0.056793 0.038478 0.051867 0.027082 0.010236 0.023792 0.037991 0.035134 0.020070 0.019969 0.026087 0.034886 0.033503 0.031126 0.023315 0.025922 0.000000 0.028857 0.035082 0.037807 0.041611 0.012476 0.034519 0.047971 0.017814 0.094495 0.162829 0.230529 0.603705 0.782074 0.883110 1.046972 1.247752 0.117229 0.146703 0.484330 0.595508 0.740498 0.895366 1.074748 1.215728 0.179972 0.403984 0.525705 0.701207 0.847291 0.914795 1.130202 1.242218 0.345437 0.580770 0.669148 0.733568 0.879412 1.031074 1.131227 1.367763 0.645163 0.725804 0.813098 0.836938 0.988436 1.099619 1.264637 1.428000 0.887051 0.902197 0.947528 1.035723 1.094531 1.263400 1.352047 1.519504 1.056249 1.038795 1.096940 1.183249 1.242058 1.368001 1.448453 1.580693 1.210241 1.261357 1.307324 1.304482 1.390835 1.493886 1.615700 1.678729 
0.081714 0.079526 0.074134 0.046107 0.072011 0.054131 0.054861 0.081167 0.044781 0.072157 0.050732 0.081871 0.057834 0.079557 0.055236 0.039025 0.042816 0.054745 0.038268 0.008816 0.027405 0.054473 0.049103 0.056743 0.020173 0.009140 0.004125 0.028857 0.000000 0.030331 0.049434 0.014101 0.016386 0.013118 0.021123 0.031673 0.114080 0.171839 0.235486 0.604440 0.784081 0.883244 1.046246 1.249745 0.098822 0.138374 0.467888 0.587598 0.730820 0.888737 1.067572 1.207915 0.152659 0.365706 0.492906 0.674837 0.826265 0.898229 1.114770 1.228937 0.311175 0.534075 0.628827 0.699641 0.847516 1.004305 1.108957 1.345952 0.593697 0.676975 0.767365 0.797053 0.952398 1.067106 1.234912 1.400559 0.835400 0.851629 0.899652 0.990577 1.053901 1.226689 1.317202 1.487921 1.004443 0.988053 1.048351 1.136096 1.199641 1.327879 1.411038 1.545473 1.158455 1.210296 1.257796 1.257221 1.345458 1.451101 1.575829 1.640172 
0.083538 0.078982 0.076864 0.036842 0.053028 0.044315 0.073139 0.078589 0.030133 0.069945 0.027105 0.065798 0.073434 0.088896 0.058936 0.042622 0.028076 0.033040 0.063195 0.029555 0.015768 0.057458 0.026622 0.041880 0.050688 0.035514 0.026877 0.035082 0.030331 0.000000 0.070472 0.030355 0.030133 0.020359 0.031940 0.020648 0.086092 0.141677 0.205239 0.551765 0.731165 0.830888 0.994206 1.196956 0.083049 0.112645 0.423168 0.538142 0.682336 0.838136 1.017277 1.158696 0.153995 0.343780 0.463252 0.638245 0.785097 0.853858 1.069719 1.182597 0.316914 0.526115 0.609583 0.671246 0.816662 0.968115 1.068833 1.305488 0.605838 0.676369 0.758286 0.776935 0.926617 1.036929 1.201661 1.365021 0.848892 0.854451 0.895804 0.979964 1.034830 1.201741 1.289803 1.455729 1.020671 0.994589 1.046452 1.130088 1.183556 1.307895 1.387023 1.518520 1.173846 1.218418 1.258868 1.251417 1.335137 1.435592 1.555397 1.617749 
0.053709 0.056083 0.047187 0.054486 0.080904 0.057571 0.008399 0.060515 0.060828 0.054225 0.074448 0.083033 0.015160 0.036097 0.036926 0.036976 0.060405 0.074146 0.014203 0.043738 0.056993 0.037968 0.072063 0.065754 0.032325 0.040331 0.049702 0.037807 0.049434 0.070472 0.000000 0.062937 0.040532 0.061488 0.069935 0.055599 0.117522 0.199094 0.267722 0.671510 0.849723 0.950905 1.114805 1.315320 0.148018 0.183116 0.549722 0.663015 0.807794 0.964052 1.143405 1.283369 0.197308 0.454252 0.581553 0.762000 0.911091 0.980416 1.196246 1.308880 0.325193 0.618928 0.716586 0.788405 0.936122 1.091714 1.194506 1.431314 0.661746 0.755601 0.850990 0.884890 1.041091 1.155800 1.323185 1.488245 0.900523 0.928129 0.979889 1.074660 1.141326 1.315273 1.405964 1.577719 1.065713 1.059747 1.126944 1.217372 1.286001 1.415469 1.499478 1.634210 1.220264 1.279943 1.333763 1.338234 1.429083 1.537126 1.663488 1.728297 
0.095050 0.092464 0.087530 0.056145 0.079557 0.064363 0.068720 0.093747 0.053017 0.084692 0.055618 0.090720 0.071885 0.094828 0.068523 0.051840 0.050889 0.060682 0.050918 0.022329 0.034447 0.067635 0.054477 0.065461 0.033524 0.023067 0.015845 0.041611 0.014101 0.030355 0.062937 0.000000 0.029473 0.010463 0.007057 0.039830 0.118810 0.170485 0.231681 0.593206 0.773085 0.871305 1.033789 1.238337 0.086352 0.129399 0.449953 0.572723 0.714994 0.873796 1.052266 1.192440 0.138802 0.341232 0.469583 0.653168 0.806187 0.879643 1.096464 1.211363 0.295097 0.508413 0.603880 0.675901 0.824211 0.982337 1.088327 1.325396 0.570594 0.652083 0.742054 0.772140 0.928128 1.043591 1.212064 1.378301 0.812690 0.826781 0.874555 0.965255 1.028865 1.202253 1.293127 1.464348 0.982413 0.964095 1.023410 1.110898 1.174419 1.302893 1.386461 1.521301 1.136257 1.186631 1.233158 1.232038 1.320141 1.425848 1.550867 1.615395 
0.065592 0.063199 0.058060 0.031326 0.058863 0.038962 0.043983 0.064783 0.031991 0.055770 0.041413 0.067399 0.045424 0.063255 0.039067 0.022643 0.030363 0.043935 0.033333 0.007595 0.018887 0.038223 0.039341 0.042879 0.021699 0.011701 0.013642 0.012476 0.016386 0.030133 0.040532 0.029473 0.000000 0.023529 0.036075 0.020474 0.102468 0.166431 0.232516 0.603970 0.783014 0.883288 1.046836 1.248843 0.108925 0.142708 0.477068 0.592032 0.736367 0.892623 1.071831 1.212573 0.168191 0.387382 0.511522 0.689878 0.838324 0.907776 1.123735 1.236705 0.330674 0.560688 0.651829 0.719013 0.865776 1.019688 1.121806 1.358583 0.622968 0.704810 0.793470 0.819848 0.973038 1.085765 1.252016 1.416389 0.864763 0.880447 0.926970 1.016373 1.077157 1.247748 1.337215 1.506108 1.033869 1.016949 1.076072 1.163023 1.223918 1.350873 1.432512 1.565718 1.187875 1.239363 1.286039 1.284213 1.371403 1.475600 1.598697 1.662303 
0.087960 0.084829 0.080588 0.046710 0.069251 0.054929 0.066236 0.085702 0.042979 0.076659 0.045156 0.080655 0.068452 0.080245 0.061574 0.044522 0.040828 0.050244 0.051074 0.017946 0.024382 0.060508 0.044022 0.055462 0.031112 0.021491 0.011801 0.034519 0.013118 0.020359 0.061488 0.010463 0.023529 0.000000 0.014527 0.029955 0.097009 0.161572 0.223950 0.582023 0.761764 0.860637 1.023498 1.227321 0.086540 0.125278 0.444337 0.564279 0.707376 0.865131 1.043910 1.184528 0.145574 0.345652 0.471260 0.652049 0.802945 0.874701 1.091224 1.205381 0.274962 0.518122 0.609763 0.678369 0.825775 0.981631 1.085763 1.322731 0.585552 0.663891 0.751425 0.777841 0.931798 1.045545 1.212765 1.378024 0.827994 0.839737 0.885538 0.974236 1.035055 1.206340 1.296284 1.465775 0.998296 0.977842 1.034980 1.121314 1.181678 1.308833 1.390945 1.524681 1.151984 1.200784 1.245564 1.242537 1.329294 1.433350 1.556691 1.620509 
0.101514 0.098718 0.094036 0.061235 0.083287 0.069455 0.075771 0.099812 0.057377 0.090756 0.058441 0.094987 0.078935 0.102330 0.075004 0.058157 0.055217 0.063892 0.057750 0.029144 0.038817 0.074055 0.057546 0.069865 0.041003 0.030122 0.022565 0.047971 0.021123 0.031940 0.069935 0.007057 0.036075 0.014527 0.000000 0.044449 0.120968 0.169386 0.229251 0.586546 0.766469 0.864213 1.026421 1.231438 0.079902 0.124588 0.440184 0.564333 0.706110 0.865270 1.043542 1.183645 0.132116 0.328701 0.457448 0.641681 0.795364 0.869469 1.086394 1.201612 0.287521 0.495731 0.591226 0.663598 0.812061 0.970703 1.077244 1.314335 0.559847 0.640026 0.729531 0.759492 0.915643 1.031358 1.200076 1.366539 0.802170 0.814866 0.862305 0.952693 1.016198 1.189717 1.280700 1.452036 0.972308 0.952733 1.011302 1.098540 1.161752 1.290232 1.373885 1.508842 1.126035 1.175462 1.221293 1.219697 1.307601 1.413189 1.538209 1.602771 
0.062906 0.058481 0.056218 0.017192 0.040381 0.025279 0.056543 0.058347 0.013277 0.049560 0.020971 0.050921 0.055592 0.066902 0.038471 0.022847 0.011218 0.023644 0.051783 0.025285 0.005804 0.036942 0.018869 0.025643 0.044058 0.031226 0.027593 0.017814 0.031673 0.020648 0.055599 0.039830 0.020474 0.029955 0.044449 0.000000 0.080433 0.146418 0.213336 0.571935 0.750452 0.851344 1.015161 1.216186 0.103579 0.129493 0.453245 0.563564 0.708611 0.862926 1.042311 1.183751 0.173051 0.380789 0.499267 0.672158 0.816808 0.883525 1.098749 1.210530 0.339137 0.563121 0.646632 0.707347 0.852184 1.001963 1.100922 1.337316 0.637813 0.711808 0.794994 0.813933 0.963057 1.072534 1.236417 1.398986 0.880548 0.889731 0.931888 1.016834 1.071855 1.238251 1.325922 1.491360 1.051370 1.028485 1.082248 1.166517 1.220637 1.344864 1.423633 1.554691 1.204909 1.251922 1.294133 1.287834 1.372012 1.472672 1.592328 1.654517 
0.087411 0.089006 0.096040 0.071841 0.037764 0.067299 0.126687 0.083720 0.067829 0.082125 0.058695 0.044139 0.121628 0.100639 0.092415 0.090603 0.069395 0.054609 0.132060 0.108007 0.084227 0.090751 0.060455 0.058728 0.111975 0.114538 0.109583 0.094495 0.114080 0.086092 0.117522 0.118810 0.102468 0.097009 0.120968 0.080433 0.000000 0.092540 0.170774 0.487517 0.662929 0.767874 0.934376 1.132020 0.140374 0.128850 0.415042 0.499259 0.646933 0.781635 0.960417 1.119029 0.237793 0.416413 0.509137 0.656630 0.784155 0.838608 1.051456 1.158616 0.356487 0.615304 0.679750 0.715861 0.852509 0.985723 1.071803 1.308271 0.734422 0.785075 0.850408 0.843405 0.977427 1.074693 1.230099 1.386625 0.980582 0.957493 0.998689 1.069037 1.103958 1.255744 1.337191 1.470421 1.157639 1.116781 1.153908 1.229859 1.260872 1.376136 1.444892 1.568965 1.311250 1.345207 1.373655 1.352525 1.427110 1.516201 1.624474 1.682018 
0.173364 0.166205 0.172458 0.144655 0.120773 0.142708 0.197268 0.161368 0.138465 0.159691 0.125717 0.125083 0.193482 0.203465 0.167272 0.162123 0.139144 0.125088 0.197897 0.169188 0.147622 0.165623 0.128008 0.133979 0.202986 0.175500 0.168124 0.162829 0.171839 0.141677 0.199094 0.170485 0.166431 0.161572 0.169386 0.146418 0.092540 0.000000 0.071774 0.330231 0.501675 0.605334 0.769453 0.964225 0.142980 0.096085 0.296079 0.351690 0.495147 0.631253 0.809231 0.954224 0.234438 0.378955 0.430303 0.539994 0.646682 0.690535 0.895772 0.997958 0.406313 0.591352 0.611267 0.618821 0.740025 0.853240 0.926778 1.156443 0.739971 0.756339 0.795965 0.760471 0.872443 0.954344 1.097038 1.244019 0.976037 0.940255 0.949575 0.999385 1.011060 1.142467 1.215365 1.353419 1.153139 1.088966 1.103099 1.165690 1.169862 1.271613 1.328391 1.442135 1.299581 1.313533 1.322856 1.284733 1.345481 1.418908 1.512117 1.563404 
0.244925 0.237750 0.243767 0.213781 0.191506 0.212652 0.266607 0.232978 0.206917 0.231003 0.193371 0.196596 0.263292 0.281065 0.237562 0.230988 0.207322 0.193668 0.265110 0.234200 0.213663 0.235869 0.195741 0.203792 0.274313 0.240412 0.232117 0.230529 0.235486 0.205239 0.267722 0.231681 0.232516 0.223950 0.229251 0.213336 0.170774 0.071774 0.000000 0.202190 0.372948 0.476469 0.640625 0.836461 0.182687 0.123692 0.226396 0.236861 0.374715 0.502752 0.679871 0.826453 0.264250 0.334707 0.394619 0.458940 0.542086 0.575118 0.774824 0.873756 0.428083 0.590760 0.576848 0.556404 0.660503 0.753928 0.815897 1.041364 0.766083 0.753764 0.770283 0.709242 0.799503 0.866863 0.998388 1.137871 0.990929 0.933921 0.926941 0.958365 0.949051 1.062115 1.127641 1.252644 1.167321 1.083870 1.078300 1.129201 1.109658 1.199696 1.246119 1.351536 1.307789 1.305014 1.298091 1.245221 1.294083 1.354131 1.434732 1.480937 
0.638924 0.626007 0.635878 0.577061 0.541033 0.576813 0.671219 0.617759 0.563583 0.613068 0.538276 0.552267 0.666486 0.668533 0.621901 0.606954 0.563769 0.540488 0.663700 0.604827 0.570864 0.618779 0.542577 0.560814 0.644029 0.615498 0.599228 0.603705 0.604440 0.551765 0.671510 0.593206 0.603970 0.582023 0.586546 0.571935 0.487517 0.330231 0.202190 0.000000 0.100190 0.155585 0.246868 0.359332 0.474222 0.368962 0.122971 0.056102 0.104796 0.178920 0.284793 0.347615 0.585068 0.264410 0.218127 0.199822 0.213546 0.218599 0.322963 0.375430 0.645500 0.370236 0.306082 0.268245 0.303725 0.332742 0.354896 0.475535 0.456099 0.425570 0.413764 0.357830 0.384102 0.405870 0.466785 0.536714 0.566807 0.558157 0.499674 0.499760 0.475054 0.519015 0.547969 0.651573 0.661663 0.599697 0.579209 0.596242 0.563831 0.602136 0.618070 0.668580 0.733033 0.716911 0.698751 0.656663 0.672594 0.693362 0.726312 0.747251 
0.812796 0.799907 0.810586 0.754342 0.716352 0.753360 0.848902 0.791343 0.741231 0.787675 0.716163 0.725999 0.843710 0.846434 0.798346 0.784639 0.741585 0.717855 0.842623 0.784188 0.749716 0.795260 0.720461 0.737374 0.825982 0.794933 0.778787 0.782074 0.784081 0.731165 0.849723 0.773085 0.783014 0.761764 0.766469 0.750452 0.662929 0.501675 0.372948 0.100190 0.000000 0.058225 0.149194 0.259392 0.652449 0.548233 0.210280 0.129105 0.099148 0.101951 0.192502 0.260073 0.754063 0.339961 0.292068 0.236835 0.206172 0.183280 0.259143 0.299936 0.783754 0.451113 0.363832 0.308742 0.317918 0.313560 0.312167 0.417771 0.534123 0.490938 0.465251 0.394680 0.395504 0.396844 0.437254 0.492241 0.634107 0.621044 0.546843 0.532529 0.490106 0.510843 0.529128 0.611693 0.725119 0.653627 0.620285 0.627268 0.575079 0.599307 0.602813 0.641363 0.790776 0.764204 0.734840 0.682479 0.687285 0.694362 0.712882 0.727494 
0.916133 0.903230 0.913660 0.856207 0.819163 0.855642 0.950512 0.894751 0.842848 0.890774 0.817601 0.829334 0.945631 0.950700 0.900695 0.886238 0.843081 0.819656 0.943050 0.883964 0.850242 0.897590 0.821901 0.839644 0.927032 0.894565 0.878159 0.883110 0.883244 0.830888 0.950905 0.871305 0.883288 0.860637 0.864213 0.851344 0.767874 0.605334 0.476469 0.155585 0.058225 0.000000 0.091471 0.204703 0.745460 0.643494 0.255233 0.174153 0.118487 0.069179 0.133433 0.203371 0.836778 0.382332 0.326824 0.254453 0.201410 0.163199 0.214798 0.248156 0.846055 0.486102 0.387120 0.324135 0.317889 0.294071 0.278625 0.373423 0.567251 0.516313 0.482537 0.404950 0.390970 0.380392 0.408050 0.453940 0.659171 0.642335 0.560213 0.537485 0.485421 0.492398 0.504369 0.573645 0.746973 0.669950 0.629039 0.629910 0.566790 0.582626 0.579105 0.610714 0.808489 0.775475 0.739470 0.681443 0.679684 0.678838 0.689128 0.700171 
1.080363 1.067463 1.077924 1.020335 0.983432 1.019857 1.114556 1.058966 1.006912 1.055036 0.981616 0.993563 1.109762 1.117283 1.064918 1.050289 1.007108 0.983773 1.106644 1.047278 1.013913 1.061810 0.985916 1.003858 1.092567 1.057802 1.041273 1.046972 1.046246 0.994206 1.114805 1.033789 1.046836 1.023498 1.026421 1.015161 0.934376 0.769453 0.640625 0.246868 0.149194 0.091471 0.000000 0.117440 0.904718 0.804542 0.340096 0.260752 0.192878 0.120917 0.078807 0.125989 0.987223 0.463414 0.401636 0.314458 0.239435 0.185419 0.178513 0.187230 0.970035 0.562476 0.448402 0.378244 0.352604 0.300787 0.260591 0.326402 0.636980 0.577608 0.534467 0.449813 0.415831 0.387149 0.391212 0.417650 0.718451 0.700266 0.605676 0.571848 0.506974 0.491880 0.492605 0.539729 0.801421 0.717867 0.667175 0.659350 0.580928 0.582956 0.567516 0.586022 0.856997 0.815447 0.770372 0.704725 0.692972 0.679447 0.675646 0.680227 
1.275442 1.262617 1.273917 1.219532 1.180371 1.218121 1.314241 1.253821 1.206622 1.250988 1.181679 1.188830 1.308789 1.316810 1.262977 1.250019 1.207055 1.183124 1.308438 1.249992 1.215525 1.259919 1.185974 1.202165 1.298333 1.260715 1.244510 1.247752 1.249745 1.196956 1.315320 1.238337 1.248843 1.227321 1.231438 1.216186 1.132020 0.964225 0.836461 0.359332 0.259392 0.204703 0.117440 0.000000 1.112826 1.011107 0.457279 0.377403 0.310185 0.223807 0.152928 0.131448 1.198066 0.580817 0.518201 0.427142 0.344867 0.286870 0.234418 0.205239 1.161291 0.620997 0.560082 0.487416 0.451567 0.382092 0.322835 0.344867 0.751311 0.688386 0.640503 0.552753 0.505931 0.463529 0.443814 0.444542 0.827446 0.736519 0.706929 0.665653 0.591939 0.557123 0.545962 0.516846 0.907151 0.819805 0.762582 0.748044 0.657743 0.646344 0.618513 0.620823 0.958495 0.910934 0.858993 0.787601 0.766904 0.740973 0.721677 0.718426 
