0.000000000000000000 0.007192594607750796 0.007637161914016241 0.047699626866427591 0.055545152253260600 0.042292892396928343 0.046024908920890548 0.012119037784253722 0.056047415826005885 0.015600088920779326 0.068404263142744420 0.048334492242445841 0.039000429162590791 0.018815246811538365 0.026527468082186301 0.043441410814827185 0.057529816201708661 0.063712913946726152 0.064889199930960040 0.072956765285306355 0.068189623106854613 0.027470680503786000 0.066562884421770205 0.049625127144612785 0.074217662405101983 0.074399501107776489 0.079233884071279986 0.053555078970098986 0.081714346333614685 0.083538490296283324 0.053709340980591248 0.095050436556493548 0.065592391159310814 0.087960197959719960 0.101513884845442368 0.062906485674955187 0.088642777723385621 0.173364288480094636 0.244925379906693053 0.638923910033221021 0.812795797967408862 0.916133173066535300 1.080363435338888678 1.275442311764336756 0.166095613449779356 0.184507430605738820 0.547713366978812899 0.644748880835229854 0.790758718570893304 0.927039179574609573 1.103735486950627287 1.260164505483676756 0.233509906968430436 0.493287218007656847 0.608727190846557020 0.775428270198515013 0.913503928641499430 0.974224851120235713 1.186967787627675408 1.295278023487649310 0.608605604548017820 0.667508507492110104 0.759256351484250080 0.816792159199882351 0.959759365697101630 1.104409918375661270 1.198052681664574903 1.433331287471198534 0.740265381682053358 0.821846732929597312 0.907534157469094271 0.926297539206058618 1.073412672218348574 1.180194294577092462 1.341354997551021500 1.501388069511140344 0.981598697358692540 0.985835470633552480 1.043184717941108453 1.129625833205303742 1.184326209208359515 1.348765980574499368 1.435108586467447545 1.576626570722585052 1.149719510959627877 1.134734133025420366 1.192877088513886630 1.278485180404148158 1.333500162233058006 1.457060660938864105 1.534462193885699710 1.663993918654103510 1.303947747994549156 1.357042565775387510 1.403483470310609826 1.399764642238832124 1.484802882382371791 1.585565326171008538 1.704352995526714265 1.765894127707952954 
0.007192594607750796 0.000000000000000000 0.009190419474529407 0.042533829627559451 0.048481622139409528 0.036478515975202498 0.048907913637855467 0.005379304179253151 0.050608961414878154 0.009337798288701668 0.062395543795660410 0.041154438422654448 0.042037901348526856 0.023743968206467948 0.024625670142546033 0.040628392847488280 0.052225689571768000 0.057453869546832168 0.066173038737164083 0.070712671482222197 0.063959933627106433 0.025140434351362199 0.060653398374368159 0.043323625600684874 0.073601466867644891 0.072733590861439518 0.076772230037034997 0.050863166717804907 0.079526224007669996 0.078981920032713024 0.056082578661922330 0.092464396298766613 0.063199407533264682 0.084829378205426006 0.098717604294574449 0.058480774602285818 0.081487990037974800 0.166205003022114023 0.237749629559957931 0.626007046852796178 0.799906607325906127 0.903230439583722955 1.067462948990096638 1.262616743182487733 0.161032027217989065 0.178045129121186502 0.535557358903113512 0.631992384046775268 0.778001064672849463 0.914160601127575800 1.090847693433547372 1.247277548581957385 0.230349533505456977 0.484205566804499832 0.598387046536451916 0.763965816847386181 0.901387996457784002 0.961743838073150226 1.174359176822225459 1.282546948342285109 0.604041194470819054 0.660268743927341251 0.750218876063299067 0.806386121426603597 0.948912452959865704 1.092788458067931012 1.185930516655885558 1.421110229741378683 0.736463638586002722 0.815773372878626613 0.900016837624292299 0.917023067144999482 1.063222499493280404 1.169334202549935142 1.330025340367813724 1.489724301084154767 0.978212717950131649 0.980381080800184268 1.036537695097408340 1.121801671859239402 1.175110687150686894 1.338601678621888613 1.424561802605395000 1.565439007549961792 1.146982790231041882 1.130014725206311965 1.186573607383765383 1.271437465786437349 1.324725143051822318 1.447632784124713634 1.524393774459500639 1.653462841215333379 1.301088426430473177 1.352677110582744202 1.397737146066508229 1.392744442755652790 1.476975686350635142 1.576841844346518418 1.694810191572031277 1.756029305165584420 
0.007637161914016241 0.009190419474529407 0.000000000000000000 0.041720951119849213 0.052949595497825214 0.037121002236665222 0.039842639429731569 0.014303805908966823 0.050260588347640148 0.012768122741543786 0.063222681070682588 0.047559474404576016 0.032924763170350035 0.014984519256663354 0.019037221211414726 0.036078183370708262 0.051592767046931838 0.058946268014354729 0.057805176096642971 0.065390849320528022 0.061354893591358955 0.020090834299071100 0.061257020944149490 0.045071802199191754 0.066623844597192672 0.066771302987741477 0.071700812960959689 0.046116110462914001 0.074133971876674074 0.076863507407534601 0.047186610703418536 0.087530377953522323 0.058060408138092962 0.080587505176548613 0.094036368736854711 0.056217735513551588 0.087927318966286305 0.172457761410085508 0.243766929834683704 0.635877958166302659 0.810585546082088104 0.913659898967233541 1.077923813684029675 1.273917124933293010 0.159682310150549789 0.179796980576555993 0.540364613761908363 0.639643636737190824 0.785633609889044182 0.922926406229537588 1.099736018606508825 1.256142151953123065 0.226087200352338619 0.481676985240611755 0.598297018435871575 0.766554500932596583 0.905983121701976368 0.967797738142860964 1.181031165145015160 1.289946808782941545 0.595019855620102955 0.654729445100559526 0.747568252185729532 0.806406908980415005 0.949916185630102605 1.095791941755112520 1.190523886602823378 1.426053560908992379 0.726586294572300950 0.808604850581828294 0.894873610085949012 0.914785588510346970 1.062762080330917236 1.170353546141975842 1.332209017116449346 1.492829871583054580 0.967892689632402492 0.972416393537007706 1.030134761190288462 1.117117158632265905 1.172751343926678125 1.338073664791979311 1.424851674083857933 1.567244435280855219 1.136006077759534438 1.121162945597304894 1.179699733186799770 1.265592357010169255 1.321583111979929948 1.445653965875487001 1.523661743457211948 1.653710628325855136 1.290232851588840823 1.343417400209414359 1.390132950040725346 1.386857496782091692 1.472286337116720301 1.573605030432559060 1.693040763974981600 1.754881653706992006 
0.047699626866427591 0.042533829627559451 0.041720951119849213 0.000000000000000000 0.028485167989442447 0.008225116436906155 0.052826170899378314 0.041800156435194302 0.008668988545216357 0.033324101632804672 0.022702568584127576 0.036074385067528511 0.049796588649346545 0.049640611123084245 0.026545580243151370 0.017533288713705474 0.009871937217181243 0.020371880499066641 0.055133057625836354 0.038199454344013964 0.022993618597949579 0.024786915201073900 0.020455269251532616 0.012218860643976344 0.049652621188087699 0.043023917045167427 0.042307651976272044 0.021323231730391388 0.046106981032444427 0.036841817769828131 0.054486383981667774 0.056145077763988763 0.031325998407880355 0.046710414513653785 0.061234990051123643 0.017191850446230270 0.065773020456213471 0.144654792644660135 0.213781097293168548 0.577061398010376814 0.754341680711865248 0.856207343035141788 1.020335066949343839 1.219532058498720595 0.118511216916933851 0.139113490230915571 0.469042137059940245 0.573948221912466638 0.719605941022153139 0.859803837190269316 1.036775825461114353 1.192980504080593418 0.190178864234165496 0.407852128285759508 0.523378870330127199 0.692528396053918027 0.834013717332152793 0.898140214504492440 1.112457048075834898 1.222908806655063740 0.534276686286902169 0.584947556534688107 0.673860266149362341 0.731485677541012458 0.875087758614848443 1.022020007248176654 1.118446776435180201 1.354401391238635011 0.668644343695803056 0.742248728175066597 0.824322386357075998 0.840751057180366135 0.987904891593997525 1.095520932926090873 1.257836182248779355 1.419094182661442938 0.911340066235539092 0.908039435399834116 0.961943133750412849 1.045809729687198875 1.098814398066478626 1.263235235876718709 1.349927091615675590 1.492667021559848095 1.082016347079563623 1.059317800015853628 1.112507008316439006 1.196239861745060917 1.248340518879882177 1.371451660385245575 1.448877710333857927 1.578785821321569971 1.235611487272212816 1.282786413435150097 1.324656848657227659 1.317570445493426057 1.400966081616879855 1.500458464577739903 1.618711959185029192 1.680244258246851308 
0.055545152253260600 0.048481622139409528 0.052949595497825214 0.028485167989442447 0.000000000000000000 0.023391703259940690 0.077731475174394618 0.044686437418836572 0.027248110150449260 0.040413753123100984 0.026347065890139694 0.013976695778396648 0.073268135400556308 0.065890959077494468 0.046671459504883224 0.045022626444138951 0.029196000746250516 0.020077364412694403 0.083196508001962766 0.065036676838588312 0.045259429861751584 0.045079810151807495 0.026442748079561713 0.016278096538412043 0.077899668657349985 0.070463014132975482 0.067954159290137844 0.049780636113674046 0.072011482356844472 0.053028089824173688 0.080903513784640738 0.079557095763557045 0.058863026527773143 0.069250916375287422 0.083286925813900015 0.040381272392686324 0.038296606151002728 0.120772939190678899 0.191505527587024299 0.541033351088654912 0.716351742954323911 0.819162836861045185 0.983431684880279433 1.180371125516567865 0.124157062486965356 0.131785072723907493 0.449592395736181427 0.545023637638247238 0.691033287654280626 0.827853278083819588 1.004651613483344530 1.161060624916157025 0.204933851260784811 0.415110938587618106 0.521185984432494642 0.680709436081808339 0.815450484966402933 0.874844371272565202 1.087306510480424704 1.195530483899651220 0.563091591581178053 0.601541366511790909 0.680072047483965991 0.728376469132761439 0.868462410980642363 1.008682971120417715 1.099936602057271395 1.334802174914248463 0.699425637130991040 0.763615959763998653 0.838556394461164922 0.845105967912551104 0.986058947530318752 1.088677868882499622 1.247114763177566754 1.405366669284259462 0.942622652039377451 0.931507955064940774 0.980047298132766920 1.057991758632147450 1.103162888338940162 1.261374443220047770 1.345337792011143563 1.483110350877480998 1.115038937725982615 1.085359834893266928 1.131866692391140683 1.212040020235667148 1.255112074384899801 1.374277888978353346 1.447572004526707090 1.574236855397729951 1.267949128053217578 1.309773520624964105 1.346104224477805644 1.333343411220685004 1.412688899948644217 1.507316199354629571 1.620697545362361991 1.680178537077360090 
0.042292892396928343 0.036478515975202498 0.037121002236665222 0.008225116436906155 0.023391703259940690 0.000000000000000000 0.054756200251976410 0.035047000698399451 0.014478480364406229 0.027140884351036496 0.026146249066406894 0.028741691416679233 0.050776641198561394 0.047073439576168247 0.025111477671098826 0.021818585895442898 0.016359260924973053 0.021932385781236630 0.060004469016673445 0.046050587002636402 0.031077953588129162 0.023368810207515529 0.024270329893067440 0.008909435841905514 0.056542889236926366 0.050605231378642437 0.050389780420275518 0.028051837045397182 0.054131039487436118 0.044314552916668852 0.057571253729565092 0.064362794963017514 0.038962447820822511 0.054929087658397581 0.069454880331169602 0.025278945847518341 0.061614157236602671 0.142707836995668386 0.212651906697461562 0.576812584508219039 0.753360433357141313 0.855642221907834566 1.019857283490915201 1.218120829430100027 0.124893390533891036 0.142687955695946500 0.474210352051497919 0.576276122330382834 0.722125908463829402 0.861194032714606150 1.038140885242476941 1.194443675745623601 0.198038706153305766 0.419197240230461288 0.532925141522150758 0.699915527254662662 0.839654467811545402 0.902410434942088613 1.116198006603561499 1.225946775900026653 0.548676565966806695 0.597967806692882631 0.685196649745259845 0.740953018746111192 0.883809516828880537 1.029128496551371619 1.124174153563085587 1.359854571538079426 0.683203184056407786 0.755946768924836698 0.837065264602235293 0.851794790250474332 0.997726031061108465 1.104245158852967146 1.265652982216390221 1.426165890747075560 0.925945607570176299 0.922000783109267141 0.975264583448688827 1.058273369388722296 1.109912779281872819 1.273101830523533096 1.359206825311484845 1.500800177087797671 1.096709889386302983 1.073546982351624379 1.126009805894660598 1.209270053416605872 1.259910256921542349 1.382292419593617039 1.458884712183633692 1.588098926040164116 1.250279973573497072 1.297110060588132718 1.338429116117363149 1.330607779339415542 1.413396175543542022 1.512069188093495109 1.629409838429281443 1.690531163177742879 
0.046024908920890548 0.048907913637855467 0.039842639429731569 0.052826170899378314 0.077731475174394618 0.054756200251976410 0.000000000000000000 0.053578860887169941 0.059959823722413673 0.047941123332864148 0.074039020387755325 0.078563174193906557 0.007042894015415030 0.028435717862036500 0.031996676501922200 0.035791330886547970 0.059835840264449380 0.073017214599375976 0.022261144964047339 0.048293598973017410 0.058739743683791430 0.033300409926279299 0.071645445165646762 0.063333531006073931 0.039425920798368312 0.045731470469880839 0.054605271733360369 0.038880693128518093 0.054861228144871953 0.073138818276084580 0.008398525124402990 0.068720457472504839 0.043983381063201772 0.066236302512675940 0.075771269931661653 0.056542950468645228 0.115986166915828665 0.197268124022794977 0.266606740967095190 0.671218881092289443 0.848901720420651595 0.950512224841862374 1.114555780681453001 1.314241472482262196 0.152639676265042601 0.185465830930194892 0.553991273664447448 0.664990318569395167 0.810124719611773014 0.952064962554521665 1.128997847584089609 1.285007123537278195 0.204536444619652980 0.464157300585096966 0.590070079169232709 0.768811938593660482 0.916438707739381853 0.984534076109149558 1.200008597265252108 1.312026494303081048 0.548754415826895880 0.622699529245112404 0.727286395082117010 0.797303365952825471 0.944478481004658810 1.098639112201744705 1.200168477931535582 1.436834549242903325 0.676261362004595634 0.769034187263939906 0.863421371209762589 0.895535802664329417 1.050651678624982210 1.164359665095907159 1.330955896579292252 1.495366074834764136 0.915253222052101578 0.929128464672031473 0.993086665482338038 1.086985815454196480 1.152268311651737154 1.325074689003957751 1.415226296734586109 1.563986274833922607 1.080622370427188894 1.074047046630351332 1.140436081078229913 1.230391874744344527 1.297518357260234900 1.426305391509985920 1.509509893421365545 1.643601554169270118 1.235162550789318248 1.294426498166277861 1.347638236091549979 1.351314887696353662 1.441559263753466213 1.548797704395068475 1.674277805826306587 1.738694349634790193 
0.012119037784253722 0.005379304179253151 0.014303805908966823 0.041800156435194302 0.044686437418836572 0.035047000698399451 0.053578860887169941 0.000000000000000000 0.049458600254480560 0.009056865914269586 0.060434451608795202 0.036468465917599752 0.046802964119910494 0.029070943090566275 0.027244496492414189 0.042144004666410821 0.051216387353123928 0.055170059587923259 0.070051579947160048 0.072358539233681060 0.063973071323583833 0.027440397439513056 0.058834823697286980 0.041093324649805515 0.076358822814624749 0.074790293246029052 0.078218675807826862 0.052328975758271216 0.081167259839040301 0.078589323569561206 0.060515078742714043 0.093746758537967614 0.064782577263220231 0.085702139911091657 0.099812227833707010 0.058346952678354075 0.076648689446460500 0.161368447460393943 0.232978335212075394 0.617759071136828597 0.791342646075519851 0.894751330591509686 1.058965551619161838 1.253820834433464926 0.159938997176829911 0.175232200433659502 0.529555030467426024 0.624657477659399385 0.770654719111008246 0.906325934763583363 1.082953584539144032 1.239386755224564096 0.230966377643802567 0.482132687697685858 0.594894578321510714 0.759014930670231625 0.895420674136090722 0.955084097561768264 1.167405252932903092 1.275267735745547082 0.605969140890016966 0.659927708570745897 0.748127373002292817 0.802783624871688972 0.944760516981946408 1.087587317490019023 1.179940310111601054 1.414940823970603612 0.738949310883276644 0.816426429734687598 0.899382582246758266 0.914664254711916591 1.059848647051045312 1.165152129281118443 1.325224604161360675 1.484447776944963326 0.980976396335258349 0.981529720783308912 1.036670310412707519 1.120860783264738147 1.172792835424126823 1.335242542392886644 1.420752403715844991 1.560821608979081176 1.150206731734623178 1.131742016940753048 1.186991637912981679 1.271197864033368985 1.322849053268899677 1.445078209854463891 1.521136438178247285 1.649665148793929559 1.304213461430814069 1.354667346700783481 1.398613323965615773 1.392522666446424306 1.476011476049335025 1.575006508072830380 1.692124799858056416 1.752992363024163502 
0.056047415826005885 0.050608961414878154 0.050260588347640148 0.008668988545216357 0.027248110150449260 0.014478480364406229 0.059959823722413673 0.049458600254480560 0.000000000000000000 0.041306508850170218 0.014352928020103024 0.037704000061115489 0.057460965412828462 0.058279440236300821 0.035133977440332025 0.024171298931824084 0.002169893916850144 0.013377063089377320 0.059832109511400111 0.037848605015156474 0.018600651603615757 0.033385827871738591 0.012018153015393621 0.012487923612167651 0.051530464813155166 0.043429045839846032 0.040740348165959825 0.024771116862608699 0.044780790512363007 0.030133354664669806 0.060827594940658036 0.053017014402295663 0.031990662478459941 0.042978782282011754 0.057377224631641945 0.013277221642304101 0.062099684829781961 0.138465046490836990 0.206916573338026988 0.563582913332115520 0.741230727080686824 0.842848365927630572 1.006911682162898947 1.206621567802606654 0.110503684679004940 0.130463765674331350 0.453642696320556926 0.559306588054004350 0.704877041783988689 0.845498456053120240 1.022468201481336214 1.178623980264804860 0.184102259807022495 0.393416600688690887 0.508144190371228821 0.676965869898685568 0.818531213914455491 0.882894869112796798 1.097333952925379164 1.207982872112785877 0.524196726596912299 0.572035769041859266 0.659429075974810708 0.716235407729492901 0.859668333521644512 1.006452263693142779 1.102950577094888196 1.338936468971447136 0.659222911137611223 0.730368510746181698 0.811077395815882896 0.826149517417050672 0.972767955927398509 1.080104383911700827 1.242301207986519884 1.403526309118786619 0.902144849284735595 0.896687636650532971 0.949436382232489828 1.032272485061945355 1.084246954472013913 1.248116614763412846 1.334634414208252240 1.477164274197408256 1.073420790290112947 1.048638782677710601 1.100278658322370484 1.183333550396238332 1.234069082401141104 1.356746822360706872 1.433809934348242887 1.563503117599723380 1.226806428305736496 1.272388987257854653 1.312902442589901630 1.304672558813049665 1.387396373001698713 1.486216486113948188 1.603937118462203992 1.665285974566073524 
0.015600088920779326 0.009337798288701668 0.012768122741543786 0.033324101632804672 0.040413753123100984 0.027140884351036496 0.047941123332864148 0.009056865914269586 0.041306508850170218 0.000000000000000000 0.053082578232941185 0.034863635761421131 0.041537468164710732 0.027120105606193840 0.018994882997845880 0.033145906194122117 0.042952584053918635 0.048217319678628669 0.062705135026708061 0.063353500335594171 0.055130152079982772 0.018924841857414516 0.051324679138342669 0.034099495805123232 0.067828978333861395 0.065898538400687295 0.069179688322372437 0.043306585452973702 0.072156641832311838 0.069945242309345401 0.054224634527751683 0.084692372568287030 0.055770453126696422 0.076659177490187358 0.090756489567757323 0.049560135937775959 0.075188310076350975 0.159691422475772365 0.231002591306099042 0.613067886640113469 0.787675094160436573 0.890773697020527555 1.055035507950600637 1.250987986385742490 0.151771999559361825 0.168937937538001320 0.519727782078504563 0.617502830719931506 0.763508170815959675 0.900395109544281924 1.077171461270807873 1.233586932395908331 0.221977208060255393 0.467561861986952654 0.581626031744807648 0.747528557346025413 0.885505530539369312 0.946442198353878994 1.159357319786760820 1.267933852052921306 0.589716179577127853 0.644286549731497349 0.733576684964211245 0.789631413684868444 0.932232694512491133 1.076451720280220181 1.170054956893896270 1.405363324060258101 0.722687849444622166 0.800408911433151515 0.883890738197774528 0.900330072627852029 1.046454986667916254 1.152658695700898184 1.313520922729613627 1.473417795960772603 0.964730958851904408 0.965388528055874495 1.020833171337216960 1.105538631093025081 1.158426455576365033 1.321833590355568910 1.407825160582333313 1.548872058174792565 1.134020719029573243 1.115509363227102479 1.171052453737064791 1.255518562641118274 1.308139807922517273 1.430911801374775694 1.507624432848962304 1.636724333001728038 1.288010199482945151 1.338412848483701456 1.382538625201582105 1.376836149402637099 1.460705125449281105 1.560268446140609333 1.678073321531212914 1.739264820145527857 
0.068404263142744420 0.062395543795660410 0.063222681070682588 0.022702568584127576 0.026347065890139694 0.026146249066406894 0.074039020387755325 0.060434451608795202 0.014352928020103024 0.053082578232941185 0.000000000000000000 0.039793284813811336 0.071750116796020599 0.072222293809553251 0.049227631588462162 0.038287530058017591 0.014208253380494267 0.006389614907881945 0.072191656297464601 0.045604373341459656 0.023542128639997939 0.047462687452551548 0.002394607035557257 0.019427227836831200 0.061248714995618653 0.051769032033727909 0.046621480734439641 0.037224271391346334 0.050731767265418032 0.027104893861766146 0.074448470808102241 0.055618167747387752 0.041413296198664483 0.045155505717385712 0.058440716794416619 0.020970810908011926 0.053736782384474643 0.125716796036857259 0.193371224553277016 0.538276393159170641 0.716163227967781424 0.817600879161724747 0.981615703126706540 1.181679322022779033 0.100503016208242299 0.116717041192845691 0.428381205756027672 0.533531489167934136 0.679102818106173345 0.819778642716574635 0.996746397572016996 1.152888654283034331 0.178787368266677238 0.374702059256715070 0.486423918656775034 0.653017538630296435 0.793506959901468911 0.857373143861598130 1.071697705343500173 1.182245734866467668 0.515958115578940779 0.557322048781286217 0.640509719617622708 0.694376419090955710 0.836937828228180525 0.982301312594438203 1.077977702808582849 1.313842565683907893 0.652161881921118902 0.717978509020487210 0.795365712949520520 0.806636359387399637 0.951342353362899740 1.057369326693356149 1.218705832179395543 1.379353581141509189 0.895348450786004113 0.885384512619940889 0.935476873770238027 1.015732869819914397 1.064786205998974999 1.226733893366869221 1.312510001414031624 1.453846379043026937 1.067723417630706884 1.038722974470205118 1.086921193612660597 1.168346095005995844 1.215476586291101446 1.336814946344319077 1.412609469039906473 1.541412293234051267 1.220643736898569420 1.262994400681298757 1.300569722583035048 1.289680932682974568 1.370704605593611403 1.467679257755773792 1.583756610225306671 1.644473549917277788 
0.048334492242445841 0.041154438422654448 0.047559474404576016 0.036074385067528511 0.013976695778396648 0.028741691416679233 0.078563174193906557 0.036468465917599752 0.037704000061115489 0.034863635761421131 0.039793284813811336 0.000000000000000000 0.073173988118085398 0.061895452291900792 0.046568244810660457 0.049923207343864587 0.039839558975235591 0.033413646747157327 0.087565555454770835 0.074211118652940222 0.056296330770536085 0.045286817917255265 0.039570261584630111 0.025281667562888965 0.085284306121911388 0.079095010339381225 0.077946737471630431 0.056792981154109100 0.081871068882596015 0.065798497713400864 0.083032711694088324 0.090720002628923407 0.067399328853735840 0.080655389285376758 0.094986903306015183 0.050921135489318550 0.040410297180547762 0.125082777499630982 0.196595934905775427 0.552267313836688256 0.725999309677812010 0.829334468155017546 0.993562556854611367 1.188830413671605246 0.138106835140221068 0.143978734303798317 0.468803600399304632 0.560159994020516083 0.706103460089179680 0.841057164910773536 1.017624611543929136 1.174057765547822152 0.218577289160119065 0.439848094140174783 0.544638042268117739 0.701896242690081329 0.834464191509995068 0.892049527983903245 1.103609001910920595 1.210787234430138692 0.587399635159251532 0.626640707936582664 0.704589327700154922 0.751513095046648427 0.890804598340310116 1.029238150192230528 1.118804349763666384 1.353198881166595591 0.723469842431164967 0.788633319588972426 0.863600867137839789 0.869363916211782217 1.009327043844563621 1.110888232955696164 1.268317069148082954 1.425678374390339620 0.966625588028045435 0.956425909258890372 1.005146788952865577 1.082929931187241568 1.127368532013688140 1.284576907648124600 1.367983633629545670 1.504565968399093290 1.138729882538508376 1.110082975322687959 1.156955685215194540 1.237115417610419321 1.279586236592815007 1.398238931890728232 1.470847622632578178 1.596855357939654718 1.291791024527129572 1.334414449945650949 1.371142365221481807 1.358416047981631625 1.437580530766606968 1.531778923733367215 1.644507975164707148 1.703648190668180851 
0.039000429162590791 0.042037901348526856 0.032924763170350035 0.049796588649346545 0.073268135400556308 0.050776641198561394 0.007042894015415030 0.046802964119910494 0.057460965412828462 0.041537468164710732 0.071750116796020599 0.073173988118085398 0.000000000000000000 0.021458227058001236 0.026793728711022282 0.033608548647459477 0.057582065800845982 0.070160661830558246 0.028320206722196990 0.050590575981533173 0.058428662574168809 0.028274345720311886 0.069373409925130303 0.059556817545702564 0.043773702029051342 0.048826663736921384 0.057104625164281518 0.038478355903870547 0.057834424658310117 0.073434273272045353 0.015159613359090269 0.071885027728074632 0.045424380110050594 0.068451877003139677 0.078935212231738355 0.055592098271075176 0.111354367973070217 0.193482320351436032 0.263291636135807527 0.666486374134314441 0.843709941353052661 0.945631478959976235 1.109762446670182090 1.308789160953103714 0.154341169310542009 0.185044744455360732 0.553072179969777755 0.662078141849091750 0.807460830851851497 0.948614655199508161 1.125579142936119048 1.281697103605022203 0.208944334023461492 0.468581213089855120 0.593038608802703870 0.770092157178416170 0.916348135373924566 0.983348732623929189 1.198485172504197172 1.309965657793404681 0.558116941180766712 0.629769021603349688 0.732441303574951075 0.800581365873218598 0.947191860873530578 1.099960753428567140 1.200317638451861679 1.436832229840123043 0.686325027955274725 0.777423329546908848 0.870517105241787492 0.900599448781906786 1.054554032557931231 1.167241891290393907 1.333054006701726024 1.496831887787416715 0.925727408506940019 0.938162022165165421 1.001137056047240348 1.093929967091147537 1.157621304011553720 1.329197553232451590 1.418788901095439536 1.566474283455316474 1.091522287875337893 1.083707177490625284 1.148873579924003074 1.238192157393510184 1.303501873098264596 1.431521799458685518 1.513860866008416517 1.647281853811584540 1.246031359706006869 1.304400907764289075 1.356616887848426600 1.359188897490975156 1.448664602712149030 1.554943113759123641 1.679429901350119714 1.743419933866335203 
0.018815246811538365 0.023743968206467948 0.014984519256663354 0.049640611123084245 0.065890959077494468 0.047073439576168247 0.028435717862036500 0.029070943090566275 0.058279440236300821 0.027120105606193840 0.072222293809553251 0.061895452291900792 0.021458227058001236 0.000000000000000000 0.023221550609634694 0.038779159089641746 0.059177237374192310 0.068850575349848092 0.049191058285262747 0.064542466400485818 0.065622394112323873 0.024934964331955915 0.070042033208808738 0.055747785196678515 0.061914530777135643 0.064489718918124578 0.071139692829022050 0.047485910116808271 0.072836975450743427 0.081386839636082883 0.036605816099517442 0.086818408398662020 0.057911665601582028 0.081376323160444936 0.093686236952097560 0.061251170015472159 0.102056815181152324 0.186278783602020825 0.257324188696492429 0.659242310860170599 0.834671124875708270 0.937488408650923755 1.101756561187018812 1.298511069046552668 0.164325168475116135 0.188741872816786310 0.558078236834015251 0.660659932502851044 0.806553122236566944 0.945054828096126620 1.121958130936665965 1.278313891901476707 0.225465735394513644 0.489102280991632887 0.609233072922493291 0.781133302724288825 0.923153673739673275 0.986780819813252497 1.200706437973505736 1.310464103155148052 0.590875385449357582 0.656873605768580449 0.754399608873802530 0.817291491108709023 0.962146823243504534 1.110769965447023333 1.207593084690621987 1.443524317068805907 0.720590201307613976 0.807695983974793696 0.897466775621528989 0.922138928995615226 1.072775888463617600 1.182511408504508532 1.345979797407167666 1.507843879509500606 0.960826365049467501 0.969926056834632400 1.030450617068049857 1.120363919557560095 1.179780801395754253 1.347885516984149046 1.435865373579224391 1.580428737075800782 1.127510345235381628 1.116920872365818385 1.179104874776640610 1.266787158140940006 1.327304091469903247 1.453197011917870096 1.533116424662540611 1.664613124232680708 1.281938041455163990 1.338308544209512396 1.388138288572622114 1.387940018541531151 1.475402509294465370 1.579104545517032721 1.700857767687999234 1.763653764898494680 
0.026527468082186301 0.024625670142546033 0.019037221211414726 0.026545580243151370 0.046671459504883224 0.025111477671098826 0.031996676501922200 0.027244496492414189 0.035133977440332025 0.018994882997845880 0.049227631588462162 0.046568244810660457 0.026793728711022282 0.023221550609634694 0.000000000000000000 0.017120869253155865 0.035971964982144743 0.046270584707622242 0.044018030941276001 0.046457298891582420 0.043215901618986245 0.001774926643832622 0.046998645173810104 0.034017743037073542 0.049131250773954645 0.048168247014586205 0.052707984766166602 0.027082054742810807 0.055235623866947012 0.058935756044141141 0.036925647382641334 0.068523054120472562 0.039067062228078424 0.061574013311157090 0.075003664740593043 0.038470732546129580 0.084608959227405994 0.167272371628706090 0.237561503137807717 0.621901150217105125 0.798345981198011700 0.900695058827652106 1.064918163125777806 1.262976927937928151 0.141982294669726061 0.165563633369328111 0.516710975149406004 0.620868775390494676 0.766639079875786056 0.906127682291927083 1.083084844465385110 1.239365133414479070 0.207050839737117937 0.449548412444143564 0.568221192035808120 0.739447560755544520 0.881622210563513087 0.945766143533741110 1.159979483049606186 1.270197678692126519 0.560989433798407267 0.620909500068143494 0.715230671425891362 0.776323952769742753 0.920814326299177588 1.069071849537417407 1.166032260716826974 1.402031847926830777 0.692850984650816182 0.774436535950642213 0.861169787489847960 0.882704293360661918 1.032135240192203929 1.141206522953712721 1.304379348743209155 1.466146396403285479 0.934378890315874067 0.938237438847747907 0.996066626847960213 1.083581779274091383 1.140541751989537778 1.307337201606396659 1.394891458818492858 1.538920347400749122 1.102902262615629736 1.087106475637582781 1.145555994647091458 1.231646580007412783 1.288839835689074453 1.413695370853320643 1.492719385336306326 1.623681552053928945 1.257047216156128577 1.309469623178053821 1.355944836163477607 1.352897965226823151 1.438732662711249111 1.540788717223069648 1.661223147544380385 1.723560563989175343 
0.043441410814827185 0.040628392847488280 0.036078183370708262 0.017533288713705474 0.045022626444138951 0.021818585895442898 0.035791330886547970 0.042144004666410821 0.024171298931824084 0.033145906194122117 0.038287530058017591 0.049923207343864587 0.033608548647459477 0.038779159089641746 0.017120869253155865 0.000000000000000000 0.024079944135577822 0.037320246827050735 0.038199616997329204 0.030214575656275777 0.026871301045102235 0.015989615533738916 0.035897609885976962 0.029189160559616165 0.036435820500065649 0.032941071304471027 0.036154896980608316 0.010235567695098069 0.039024689837931184 0.042622221257027894 0.036976208051089858 0.051839690841897448 0.022643226239644557 0.044521625849782871 0.058156982722399338 0.022846581335392090 0.082949560410160147 0.162123370713496057 0.230988278771718597 0.606954339116606012 0.784638863278103282 0.886238320894640608 1.050288786307706168 1.250018787911705731 0.125553577126164689 0.152069799218144813 0.493533652277768631 0.601723267750888580 0.747109683970146210 0.888348960577603930 1.065307193154901411 1.221399843402242391 0.190071475605876034 0.419658561605273484 0.539746266654492657 0.713186863489817191 0.857501108003460577 0.923530516377817245 1.138455502981700285 1.249715936113627190 0.505823484322037720 0.590167939843220690 0.685156572758286897 0.747767093152835516 0.892945058645949086 1.042989511517314005 1.141691780324099126 1.378009322851710072 0.663540450149387118 0.743844774919225515 0.830446963974320163 0.852769896992068954 1.003144839841789038 1.113261597369274547 1.277394254511934557 1.440014461076057017 0.905405219577881559 0.907880426901281679 0.965356468428135051 1.052903199814264390 1.110513580541917733 1.278245299454096262 1.366331277303616032 1.511535412558449698 1.074522578888494229 1.057138372403300774 1.114914151522117258 1.200902383518859251 1.258507476293092120 1.383806759567431044 1.463477410732445527 1.595057031646098356 1.228537368439585054 1.279727731148509795 1.325477286013325040 1.322155383203690526 1.408046483604134425 1.510414098383958015 1.631412858687669942 1.694060798378857147 
0.057529816201708661 0.052225689571768000 0.051592767046931838 0.009871937217181243 0.029196000746250516 0.016359260924973053 0.059835840264449380 0.051216387353123928 0.002169893916850144 0.042952584053918635 0.014208253380494267 0.039839558975235591 0.057582065800845982 0.059177237374192310 0.035971964982144743 0.024079944135577822 0.000000000000000000 0.014204573675586162 0.058922521193880757 0.036029330547704901 0.016457088111812106 0.034244401728870770 0.011817674761572673 0.014648714749905900 0.050023778447526514 0.041700022235656414 0.038758784182306993 0.023791876393593276 0.042816280863941535 0.028075821421229399 0.060404691365556852 0.050888998800975298 0.030362720038185180 0.040828443376832724 0.055216886822289854 0.011217927760702190 0.063533653385385094 0.139143544524175461 0.207322382395717125 0.563768957373602442 0.741585227124136326 0.843080513518591368 1.007107614156108832 1.207055141168106083 0.108819708238777485 0.129598460728385156 0.452369945328717160 0.558794594151408086 0.704292708344084306 0.845205680352171584 1.022170025845638097 1.178291856907240920 0.182013905774771251 0.390426475138734130 0.505650995287058258 0.675058045297201148 0.817091358630797515 0.881822646603128035 1.096394192071903584 1.207227741085913797 0.520383164140988730 0.568588941749526233 0.656441229811981719 0.713757304545155180 0.857389997616382127 1.004607449681066411 1.101475844389537828 1.337529598286126831 0.655372442718950343 0.726743270498472649 0.807709208853612082 0.823240977081590941 0.970189733827669043 1.077821413634411529 1.240260565712528296 1.401683703251899615 0.898285360133176503 0.892995053721900356 0.945914444075461103 1.028981054792929006 1.081323131420767636 1.245523995157557851 1.332199110934786823 1.475035817082172018 1.069540581449825334 1.044877305246013188 1.096709663475584184 1.179891174898338724 1.231018390760602488 1.353891875470581985 1.431178655442467695 1.561057433740749234 1.222932908673005192 1.268604298496806670 1.309263256612047455 1.301228898156857605 1.384115316591280287 1.483154966206451819 1.601120088655291429 1.662578911841169793 
0.063712913946726152 0.057453869546832168 0.058946268014354729 0.020371880499066641 0.020077364412694403 0.021932385781236630 0.073017214599375976 0.055170059587923259 0.013377063089377320 0.048217319678628669 0.006389614907881945 0.033413646747157327 0.070160661830558246 0.068850575349848092 0.046270584707622242 0.037320246827050735 0.014204573675586162 0.000000000000000000 0.073114399205952627 0.048893757121204896 0.027342656422845189 0.044495853952347161 0.006422535051485677 0.014131314535468028 0.063767780365079699 0.054870150229766462 0.050620104355589425 0.037990975423989097 0.054744878239067644 0.033039635560211972 0.074145757737502316 0.060682016774680846 0.043935255991572497 0.050244295715925591 0.063892155223671809 0.023644499364104451 0.049996381198685304 0.125088322068164670 0.193668389766387478 0.540488400758668774 0.717854582263851349 0.819656084198371881 0.983772943538291256 1.183123761207021341 0.106544708589643433 0.120875249659513559 0.434824130860762048 0.537804459982927807 0.683552006162873815 0.823375535031223182 1.000345484587447986 1.156576405652157691 0.185172799117844594 0.385252779943709156 0.495879554053324845 0.661017718880095306 0.800275684411738797 0.863149549313024234 1.077090044383531175 1.187121901208173069 0.527399351321780285 0.568550954612879966 0.650950547380753419 0.703724833959017193 0.845794468500342456 0.990080481048622119 1.084799202149441033 1.320467427318624098 0.663554787996527229 0.729389204025248650 0.806449814253853980 0.816887369797030694 0.960868756014128134 1.066205743970563891 1.226944767789514668 1.387090723641269285 0.906733214657057807 0.896837742260185533 0.946765224091931534 1.026674152962254949 1.075036495949821536 1.236264030603160480 1.321677860006550853 1.462281664049328578 1.079038358674297760 1.050197699470770463 1.098258986712634888 1.179515331280889701 1.225966568615362018 1.346903037718680141 1.422212436674283875 1.550589919564377306 1.231994361571322250 1.274467854404094602 1.311974452299409455 1.300847163337961021 1.381608376253044890 1.478176317048607968 1.593752169940816366 1.654230751105262520 
0.064889199930960040 0.066173038737164083 0.057805176096642971 0.055133057625836354 0.083196508001962766 0.060004469016673445 0.022261144964047339 0.070051579947160048 0.059832109511400111 0.062705135026708061 0.072191656297464601 0.087565555454770835 0.028320206722196990 0.049191058285262747 0.044018030941276001 0.038199616997329204 0.058922521193880757 0.073114399205952627 0.000000000000000000 0.034318419586061882 0.051739844265730972 0.044577759753048604 0.069890547427363697 0.067192199298620053 0.020226473358968485 0.029599913858940018 0.039396329820696754 0.035133525580437815 0.038267711800870505 0.063195469032181581 0.014203200220773931 0.050918471553206293 0.033333019207309210 0.051073849866662233 0.057750147694462642 0.051782925823895432 0.120904587956990564 0.197896754088655369 0.265110162836933894 0.663700445926544758 0.842623486558177648 0.943049988319994870 1.106643972400619402 1.308438093743719000 0.136997391139559971 0.175227223257710146 0.535013902017948850 0.651631642746394402 0.795749828863663966 0.939944944998614584 1.116619590606820367 1.272186138101527142 0.183366662196767921 0.432130988962367513 0.561012110956333632 0.743560340044370771 0.894585319500893483 0.965629542456627243 1.181906823476094326 1.295417114457409813 0.509164778955696229 0.585687694519534063 0.693478811435596421 0.767306872529696093 0.915642308710957309 1.073016593367194238 1.177479066924603135 1.414438986636097351 0.636327602907945544 0.730273710928417086 0.826282303839528720 0.861806902206094794 1.019165246517449441 1.135030570122699034 1.303361399099624229 1.469229181537272888 0.875278355336314706 0.889747351062665226 0.954672426820120656 1.050021087301693745 1.117915799648542485 1.293046179020034048 1.384337124485690795 1.535424150299156354 1.040763773554830962 1.034255187541932575 1.101585156264849319 1.192251887440179292 1.262033657947785104 1.392145346489990443 1.476984655102270727 1.612417890871820969 1.195289780179378480 1.254509842301197109 1.308282234992383053 1.313075941155425808 1.404318546292076642 1.513011020045523125 1.640199764377497260 1.705405762631542199 
