0.000000 0.007093 0.007531 0.047037 0.054773 0.041705 0.045385 0.011951 0.055269 0.015383 0.067454 0.047663 0.038458 0.018554 0.026159 0.042838 0.056730 0.062828 0.063987 0.071943 0.067242 0.027089 0.065638 0.048936 0.073186 0.073366 0.078133 0.052811 0.080579 0.082378 0.052963 0.093730 0.064681 0.086738 0.100103 0.062032 0.087411 0.170955 0.241522 0.647928 0.824250 0.929044 1.095588 1.293416 0.163787 0.181943 0.555432 0.653835 0.801902 0.940103 1.119290 1.277923 0.230265 0.500239 0.617306 0.786356 0.926377 0.987954 1.203695 1.313532 0.370162 0.676915 0.769956 0.828303 0.973285 1.119974 1.214936 1.453530 0.750698 0.833429 0.920324 0.939351 1.088540 1.196826 1.360258 1.522546 0.995432 0.999728 1.057886 1.145545 1.201016 1.367773 1.455333 1.598845 1.165922 1.150725 1.209688 1.296502 1.352292 1.477594 1.556087 1.687444 1.322324 1.376167 1.423262 1.419491 1.505727 1.607910 1.728371 1.790780 
0.007093 0.000000 0.009063 0.041943 0.047808 0.035972 0.048228 0.005305 0.049906 0.009208 0.061528 0.040583 0.041454 0.023414 0.024283 0.040064 0.051500 0.056655 0.065253 0.069730 0.063071 0.024791 0.059811 0.042722 0.072579 0.071723 0.075705 0.050156 0.078421 0.077884 0.055303 0.091179 0.062321 0.083651 0.097346 0.057668 0.080356 0.163895 0.234446 0.634829 0.811179 0.915959 1.082506 1.280410 0.158794 0.175571 0.543105 0.640899 0.788965 0.927043 1.106220 1.264855 0.227148 0.491029 0.606820 0.774732 0.914091 0.975297 1.190909 1.300621 0.367385 0.669574 0.760791 0.817750 0.962285 1.108189 1.202643 1.441137 0.746842 0.827270 0.912700 0.929946 1.078206 1.185813 1.348769 1.510718 0.991998 0.994197 1.051145 1.137611 1.191671 1.357466 1.444637 1.587500 1.163147 1.145939 1.203295 1.289355 1.343394 1.468033 1.545876 1.676764 1.319424 1.371740 1.417435 1.412372 1.497790 1.599063 1.718694 1.780776 
0.007531 0.009063 0.000000 0.041141 0.052214 0.036605 0.039289 0.014105 0.049562 0.012591 0.062344 0.046899 0.032467 0.014776 0.018773 0.035577 0.050876 0.058127 0.057002 0.064482 0.060502 0.019812 0.060406 0.044445 0.065698 0.065843 0.070704 0.045475 0.073104 0.075795 0.046531 0.086314 0.057254 0.079468 0.092730 0.055437 0.086705 0.170061 0.240379 0.644839 0.822009 0.926536 1.093114 1.291870 0.157463 0.177298 0.547980 0.648658 0.796705 0.935933 1.115234 1.273844 0.222945 0.488465 0.606728 0.777357 0.918751 0.981436 1.197675 1.308125 0.361898 0.663956 0.758103 0.817771 0.963303 1.111234 1.207301 1.446150 0.736826 0.820000 0.907485 0.927677 1.077739 1.186847 1.350983 1.513867 0.981533 0.986120 1.044652 1.132860 1.189278 1.356930 1.444931 1.589331 1.152015 1.136963 1.196325 1.283428 1.340207 1.466027 1.545134 1.677015 1.308415 1.362349 1.409723 1.406402 1.493034 1.595781 1.716900 1.779612 
0.047037 0.041943 0.041141 0.000000 0.028089 0.008111 0.052092 0.041219 0.008549 0.032861 0.022387 0.035573 0.049105 0.048951 0.026177 0.017290 0.009735 0.020089 0.054367 0.037669 0.022674 0.024442 0.020171 0.012049 0.048963 0.042426 0.041720 0.021027 0.045466 0.036330 0.053729 0.055365 0.030891 0.046061 0.060384 0.016953 0.064859 0.142645 0.210810 0.585194 0.764972 0.868273 1.034714 1.236718 0.116864 0.137180 0.475652 0.582037 0.729747 0.871921 1.051387 1.209793 0.187536 0.413600 0.530755 0.702288 0.845767 0.910797 1.128134 1.240143 0.324954 0.593191 0.683357 0.741794 0.887420 1.036423 1.134208 1.373488 0.678067 0.752709 0.835939 0.852599 1.001827 1.110959 1.275562 1.439093 0.924183 0.920836 0.975499 1.060548 1.114299 1.281037 1.368951 1.513702 1.097265 1.074246 1.128185 1.213098 1.265933 1.390779 1.469296 1.601035 1.253024 1.300864 1.343324 1.336138 1.420709 1.521604 1.641524 1.703923 
0.054773 0.047808 0.052214 0.028089 0.000000 0.023067 0.076651 0.044065 0.026869 0.039852 0.025981 0.013782 0.072250 0.064975 0.046023 0.044397 0.028790 0.019798 0.082040 0.064133 0.044630 0.044453 0.026075 0.016052 0.076817 0.069484 0.067010 0.049089 0.071011 0.052291 0.079779 0.078452 0.058045 0.068289 0.082130 0.039820 0.037764 0.119095 0.188844 0.548658 0.726447 0.830707 0.997291 1.197005 0.122432 0.129954 0.455928 0.552704 0.700772 0.839520 1.018810 1.177423 0.202086 0.420961 0.528531 0.690302 0.826942 0.887173 1.102629 1.212378 0.342479 0.610019 0.689656 0.738641 0.880701 1.022898 1.115437 1.353613 0.709282 0.774377 0.850374 0.857016 0.999955 1.104020 1.264690 1.425172 0.955907 0.944635 0.993859 1.072901 1.118709 1.279150 1.364297 1.504011 1.130753 1.100655 1.147817 1.229121 1.272800 1.393645 1.467972 1.596422 1.285818 1.328231 1.365074 1.352133 1.432597 1.528558 1.643537 1.703856 
0.041705 0.035972 0.036605 0.008111 0.023067 0.000000 0.053995 0.034560 0.014277 0.026764 0.025783 0.028342 0.050071 0.046419 0.024763 0.021515 0.016132 0.021628 0.059171 0.045411 0.030646 0.023044 0.023933 0.008786 0.055757 0.049902 0.049690 0.027662 0.053379 0.043699 0.056771 0.063468 0.038421 0.054166 0.068490 0.024928 0.060758 0.140725 0.209697 0.584941 0.763977 0.867700 1.034230 1.235287 0.123158 0.140705 0.480893 0.584397 0.732302 0.873330 1.052771 1.211276 0.195287 0.425105 0.540435 0.709779 0.851487 0.915128 1.131928 1.243223 0.333712 0.606395 0.694853 0.751395 0.896265 1.043631 1.140017 1.379018 0.692831 0.766600 0.848862 0.863799 1.011786 1.119807 1.283489 1.446264 0.938994 0.934994 0.989008 1.073187 1.125554 1.291043 1.378361 1.521950 1.112165 1.088676 1.141878 1.226312 1.277665 1.401772 1.479444 1.610479 1.267899 1.315390 1.357291 1.349359 1.433314 1.533378 1.652372 1.714355 
0.045385 0.048228 0.039289 0.052092 0.076651 0.053995 0.000000 0.052834 0.059127 0.047275 0.073010 0.077471 0.006945 0.028041 0.031552 0.035294 0.059004 0.072003 0.021952 0.047622 0.057923 0.032838 0.070650 0.062453 0.038878 0.045096 0.053846 0.038340 0.054099 0.072122 0.008282 0.067765 0.043372 0.065316 0.074718 0.055757 0.114374 0.194527 0.262902 0.680678 0.860865 0.963907 1.130263 1.332762 0.150519 0.182888 0.561798 0.674362 0.821541 0.965482 1.144908 1.303116 0.201694 0.470698 0.598386 0.779646 0.929354 0.998409 1.216920 1.330516 0.333759 0.631475 0.737536 0.808539 0.957788 1.114122 1.217082 1.457083 0.685792 0.779872 0.875589 0.908156 1.065458 1.180768 1.349712 1.516439 0.928151 0.942222 1.007082 1.102304 1.168507 1.343748 1.435170 1.586027 1.095851 1.089183 1.156508 1.247731 1.315804 1.446406 1.530783 1.666764 1.252569 1.312668 1.366630 1.370358 1.461874 1.570624 1.697872 1.763197 
0.011951 0.005305 0.014105 0.041219 0.044065 0.034560 0.052834 0.000000 0.048771 0.008931 0.059595 0.035962 0.046153 0.028667 0.026866 0.041558 0.050505 0.054403 0.069078 0.071353 0.063084 0.027059 0.058017 0.040522 0.075298 0.073751 0.077132 0.051602 0.080039 0.077497 0.059674 0.092444 0.063882 0.084511 0.098425 0.057536 0.075584 0.159126 0.229741 0.626465 0.802495 0.907361 1.073889 1.271490 0.157716 0.172797 0.537018 0.633460 0.781515 0.919098 1.098215 1.256853 0.227757 0.488927 0.603278 0.769711 0.908039 0.968544 1.183857 1.293239 0.368558 0.669228 0.758670 0.814097 0.958074 1.102914 1.196569 1.434881 0.749363 0.827932 0.912057 0.927554 1.074784 1.181572 1.343900 1.505367 0.994801 0.995362 1.051280 1.136656 1.189320 1.354059 1.440774 1.582817 1.166416 1.147691 1.203719 1.289112 1.341491 1.465443 1.542573 1.672913 1.322593 1.373758 1.418323 1.412147 1.496812 1.597202 1.715971 1.777696 
0.055269 0.049906 0.049562 0.008549 0.026869 0.014277 0.059127 0.048771 0.000000 0.040732 0.014153 0.037180 0.056662 0.057470 0.034646 0.023835 0.002140 0.013191 0.059001 0.037323 0.018342 0.032922 0.011851 0.012314 0.050814 0.042826 0.040174 0.024427 0.044158 0.029715 0.059982 0.052280 0.031546 0.042382 0.056580 0.013093 0.061237 0.136541 0.204041 0.571525 0.751676 0.854726 1.021102 1.223626 0.108968 0.128651 0.460036 0.567189 0.714810 0.857414 1.036877 1.195234 0.181544 0.398961 0.515305 0.686506 0.830066 0.895337 1.112798 1.225006 0.318823 0.580097 0.668722 0.726329 0.871783 1.020636 1.118494 1.357805 0.668513 0.740661 0.822507 0.837792 0.986477 1.095326 1.259808 1.423305 0.914858 0.909324 0.962816 1.046820 1.099527 1.265706 1.353443 1.497981 1.088548 1.063417 1.115784 1.200010 1.251460 1.375867 1.454016 1.585537 1.244095 1.290320 1.331404 1.323059 1.406948 1.507161 1.626540 1.688754 
0.015383 0.009208 0.012591 0.032861 0.039852 0.026764 0.047275 0.008931 0.040732 0.000000 0.052345 0.034379 0.040960 0.026743 0.018731 0.032685 0.042356 0.047547 0.061834 0.062473 0.054364 0.018662 0.050611 0.033626 0.066886 0.064983 0.068218 0.042705 0.071154 0.068973 0.053471 0.083515 0.054995 0.075594 0.089495 0.048871 0.074143 0.157472 0.227792 0.621708 0.798775 0.903327 1.069904 1.268617 0.149663 0.166590 0.527052 0.626205 0.774268 0.913084 1.092351 1.250971 0.218892 0.474151 0.589823 0.758063 0.897984 0.959780 1.175695 1.285802 0.358673 0.653366 0.743915 0.800759 0.945370 1.091622 1.186544 1.425168 0.732872 0.811689 0.896347 0.913018 1.061202 1.168902 1.332032 1.494182 0.978326 0.978993 1.035219 1.121118 1.174752 1.340461 1.427665 1.570699 1.150002 1.131230 1.187555 1.273212 1.326575 1.451077 1.528871 1.659790 1.306161 1.357274 1.402022 1.396239 1.481290 1.582256 1.701721 1.763775 
0.067454 0.061528 0.062344 0.022387 0.025981 0.025783 0.073010 0.059595 0.014153 0.052345 0.000000 0.039240 0.070753 0.071219 0.048544 0.037755 0.014011 0.006301 0.071188 0.044971 0.023215 0.046803 0.002361 0.019157 0.060398 0.051050 0.045974 0.036707 0.050027 0.026728 0.073414 0.054845 0.040838 0.044528 0.057629 0.020679 0.052990 0.123970 0.190684 0.545862 0.726256 0.829123 0.995449 1.198332 0.099106 0.115095 0.434418 0.541050 0.688673 0.831331 1.010793 1.169136 0.176303 0.379983 0.493279 0.662220 0.804689 0.869456 1.086801 1.198906 0.313812 0.565176 0.649536 0.704162 0.848732 0.996144 1.093169 1.332358 0.661352 0.728097 0.806574 0.818004 0.964749 1.072270 1.235880 1.398792 0.907966 0.897862 0.948660 1.030047 1.079792 1.244022 1.331006 1.474335 1.082770 1.053361 1.102239 1.184811 1.232606 1.355654 1.432517 1.563135 1.237846 1.280793 1.318898 1.307856 1.390021 1.488362 1.606076 1.667648 
0.047663 0.040583 0.046899 0.035573 0.013782 0.028342 0.077471 0.035962 0.037180 0.034379 0.039240 0.000000 0.072157 0.061035 0.045921 0.049229 0.039286 0.032949 0.086349 0.073180 0.055514 0.044657 0.039020 0.024930 0.084099 0.077996 0.076864 0.056004 0.080733 0.064884 0.081879 0.089459 0.066463 0.079535 0.093667 0.050214 0.039849 0.123345 0.193864 0.560050 0.736230 0.841022 1.007564 1.205584 0.136188 0.141978 0.475410 0.568054 0.716054 0.852910 1.031965 1.190603 0.215540 0.446047 0.552313 0.711788 0.846224 0.904621 1.119162 1.227850 0.357264 0.635472 0.714519 0.762104 0.903358 1.043743 1.134571 1.372269 0.733665 0.799747 0.875771 0.881615 1.023551 1.126543 1.286191 1.445770 0.980248 0.969904 1.019312 1.098191 1.143256 1.302680 1.387262 1.525769 1.154777 1.125727 1.173260 1.254549 1.297619 1.417944 1.491575 1.619359 1.309996 1.353220 1.390465 1.377559 1.457840 1.553365 1.667683 1.727657 
0.038458 0.041454 0.032467 0.049105 0.072250 0.050071 0.006945 0.046153 0.056662 0.040960 0.070753 0.072157 0.000000 0.021160 0.026421 0.033142 0.056782 0.069186 0.027927 0.049888 0.057617 0.027881 0.068409 0.058729 0.043165 0.048148 0.056311 0.037944 0.057031 0.072414 0.014949 0.070886 0.044793 0.067501 0.077838 0.054820 0.109807 0.190794 0.259633 0.675879 0.855600 0.958958 1.125402 1.327233 0.152196 0.182473 0.560866 0.671408 0.818840 0.961983 1.141441 1.299759 0.206041 0.475185 0.601396 0.780945 0.929262 0.997207 1.215375 1.328426 0.339454 0.638644 0.742763 0.811864 0.960540 1.115462 1.217233 1.457081 0.695997 0.788379 0.882785 0.913291 1.069415 1.183691 1.351840 1.517926 0.938773 0.951383 1.015246 1.109346 1.173935 1.347929 1.438783 1.588550 1.106904 1.098979 1.165064 1.255641 1.321871 1.451695 1.535195 1.670496 1.263591 1.322783 1.375735 1.378343 1.469080 1.576856 1.703097 1.767989 
0.018554 0.023414 0.014776 0.048951 0.064975 0.046419 0.028041 0.028667 0.057470 0.026743 0.071219 0.061035 0.021160 0.000000 0.022899 0.038240 0.058355 0.067894 0.048507 0.063646 0.064710 0.024588 0.069069 0.054973 0.061054 0.063594 0.070151 0.046826 0.071825 0.080256 0.036097 0.085612 0.057107 0.080245 0.092384 0.060400 0.100639 0.203465 0.281065 0.668533 0.846434 0.950700 1.117283 1.316810 0.179486 0.206156 0.565943 0.669970 0.817919 0.958373 1.137769 1.296328 0.246268 0.495995 0.617819 0.792141 0.936163 1.000687 1.217627 1.328932 0.359378 0.666131 0.765031 0.828809 0.975706 1.126423 1.224611 1.463867 0.730745 0.819078 0.910114 0.935134 1.087894 1.199176 1.364948 1.529093 0.974367 0.983595 1.044972 1.136153 1.196407 1.366881 1.456100 1.602701 1.143400 1.132661 1.195721 1.284639 1.346009 1.473676 1.554722 1.688072 1.300004 1.357169 1.407701 1.407499 1.496195 1.601358 1.724827 1.788508 
0.026159 0.024283 0.018773 0.026177 0.046023 0.024763 0.031552 0.026866 0.034646 0.018731 0.048544 0.045921 0.026421 0.022899 0.000000 0.016883 0.035472 0.045628 0.043406 0.045812 0.042615 0.001750 0.046346 0.033545 0.048448 0.047499 0.051976 0.026706 0.054468 0.058117 0.036413 0.067571 0.038524 0.060718 0.073961 0.037936 0.083433 0.164948 0.234260 0.630665 0.809597 0.913388 1.079925 1.280775 0.140009 0.163263 0.523993 0.629618 0.777443 0.918897 1.098348 1.256831 0.204174 0.455884 0.576229 0.749868 0.894046 0.959094 1.176326 1.288098 0.341201 0.629660 0.725310 0.787264 0.933791 1.084138 1.182464 1.421790 0.702615 0.785350 0.873306 0.895144 1.046681 1.157289 1.322761 1.486808 0.947547 0.951459 1.010104 1.098852 1.156615 1.325761 1.414549 1.560607 1.118445 1.102426 1.161700 1.249003 1.307003 1.433618 1.513755 1.646563 1.274762 1.327923 1.375053 1.371964 1.459008 1.562502 1.684634 1.747850 
0.042838 0.040064 0.035577 0.017290 0.044397 0.021515 0.035294 0.041558 0.023835 0.032685 0.037755 0.049229 0.033142 0.038240 0.016883 0.000000 0.023745 0.036802 0.037669 0.029795 0.026498 0.015767 0.035399 0.028784 0.035929 0.032483 0.035652 0.010093 0.038482 0.042030 0.036462 0.051119 0.022329 0.043903 0.057349 0.022529 0.081797 0.159870 0.227778 0.615508 0.795696 0.898728 1.065090 1.267635 0.123809 0.149957 0.500489 0.610203 0.757638 0.900868 1.080320 1.238612 0.187430 0.425573 0.547353 0.723237 0.869585 0.936545 1.154499 1.267327 0.323031 0.598485 0.694812 0.758305 0.905529 1.057688 1.157781 1.397429 0.672891 0.754327 0.842150 0.864788 1.017282 1.128950 1.295396 1.460308 0.918165 0.920675 0.978961 1.067741 1.126163 1.296259 1.385586 1.532837 1.089665 1.072036 1.130626 1.217826 1.276243 1.403308 1.484101 1.617535 1.245850 1.297762 1.344156 1.340788 1.427889 1.531700 1.654403 1.717934 
0.056730 0.051500 0.050876 0.009735 0.028790 0.016132 0.059004 0.050505 0.002140 0.042356 0.014011 0.039286 0.056782 0.058355 0.035472 0.023745 0.000000 0.014007 0.058104 0.035529 0.016228 0.033769 0.011653 0.014445 0.049329 0.041121 0.038220 0.023461 0.042221 0.027686 0.059565 0.050182 0.029941 0.040261 0.054450 0.011062 0.062651 0.137210 0.204441 0.571714 0.752036 0.854962 1.021300 1.224065 0.107307 0.127797 0.458745 0.566669 0.714218 0.857117 1.036575 1.194897 0.179485 0.395929 0.512777 0.684571 0.828606 0.894250 1.111845 1.224241 0.316504 0.576602 0.665692 0.723816 0.869473 1.018765 1.116998 1.356379 0.664608 0.736985 0.819092 0.834842 0.983862 1.093011 1.257739 1.421437 0.910944 0.905580 0.959245 1.043482 1.096562 1.263076 1.350973 1.495823 1.084613 1.059602 1.112165 1.196519 1.248366 1.372972 1.451347 1.583057 1.240167 1.286482 1.327714 1.319566 1.403621 1.504056 1.623684 1.686009 
0.062828 0.056655 0.058127 0.020089 0.019798 0.021628 0.072003 0.054403 0.013191 0.047547 0.006301 0.032949 0.069186 0.067894 0.045628 0.036802 0.014007 0.000000 0.072098 0.048214 0.026963 0.043878 0.006333 0.013935 0.062882 0.054108 0.049917 0.037463 0.053984 0.032580 0.073115 0.059839 0.043325 0.049546 0.063004 0.023316 0.049302 0.123350 0.190977 0.548105 0.727971 0.831207 0.997637 1.199797 0.105064 0.119195 0.440952 0.545383 0.693185 0.834979 1.014443 1.172875 0.182600 0.390682 0.502868 0.670333 0.811554 0.875313 1.092269 1.203851 0.320771 0.576563 0.660124 0.713642 0.857714 1.004033 1.100087 1.339076 0.672906 0.739668 0.817815 0.828399 0.974410 1.081231 1.244235 1.406638 0.919511 0.909476 0.960107 1.041142 1.090186 1.253686 1.340304 1.482889 1.094245 1.064998 1.113736 1.196138 1.243243 1.365884 1.442255 1.572442 1.249356 1.292428 1.330463 1.319179 1.401079 1.499007 1.616212 1.677543 
0.063987 0.065253 0.057002 0.054367 0.082040 0.059171 0.021952 0.069078 0.059001 0.061834 0.071188 0.086349 0.027927 0.048507 0.043406 0.037669 0.058104 0.072098 0.000000 0.033842 0.051021 0.043958 0.068919 0.066258 0.019945 0.029189 0.038849 0.034645 0.037736 0.062317 0.014006 0.050211 0.032870 0.050364 0.056948 0.051063 0.119224 0.195147 0.261426 0.673054 0.854498 0.956340 1.122239 1.326877 0.135094 0.172792 0.542554 0.660815 0.806964 0.953191 1.132355 1.290114 0.180818 0.438221 0.568918 0.754039 0.907192 0.979238 1.198563 1.313673 0.309680 0.593941 0.703252 0.778120 0.928546 1.088138 1.194073 1.434372 0.645295 0.740565 0.837927 0.873952 1.033528 1.151026 1.321729 1.489934 0.887613 0.902286 0.968126 1.064818 1.133670 1.311268 1.403846 1.557062 1.055431 1.048830 1.117109 1.209054 1.279819 1.411764 1.497799 1.635141 1.212134 1.272189 1.326719 1.331580 1.424109 1.534333 1.663314 1.729439 
0.071943 0.069730 0.064482 0.037669 0.064133 0.045411 0.047622 0.071353 0.037323 0.062473 0.044971 0.073180 0.049888 0.063646 0.045812 0.029795 0.035529 0.048214 0.033842 0.000000 0.021816 0.045039 0.043124 0.048659 0.016723 0.006227 0.006531 0.019791 0.008694 0.029144 0.043130 0.022019 0.007490 0.017696 0.028739 0.024933 0.097509 0.166836 0.230946 0.613350 0.795239 0.896421 1.062037 1.267607 0.102958 0.138962 0.480063 0.598933 0.744813 0.891525 1.070580 1.228206 0.158889 0.383098 0.510508 0.693137 0.845127 0.916765 1.136066 1.251206 0.290476 0.548708 0.650673 0.720593 0.869981 1.027468 1.132253 1.372485 0.618097 0.701935 0.792757 0.821177 0.977600 1.092892 1.262251 1.429566 0.863227 0.867320 0.927508 1.018966 1.081894 1.255987 1.347234 1.498304 1.034640 1.017876 1.078497 1.167098 1.230215 1.359607 1.443155 1.578849 1.190830 1.243318 1.291137 1.289962 1.378930 1.485336 1.610992 1.675863 
0.067242 0.063071 0.060502 0.022674 0.044630 0.030646 0.057923 0.063084 0.018342 0.054364 0.023215 0.055514 0.057617 0.064710 0.042615 0.026498 0.016228 0.026963 0.051021 0.021816 0.000000 0.041186 0.021473 0.030648 0.037748 0.027965 0.022956 0.019691 0.027024 0.015549 0.056201 0.033968 0.018624 0.024043 0.038278 0.005723 0.076041 0.145571 0.210694 0.578909 0.760281 0.862224 1.028202 1.232655 0.097424 0.124992 0.454850 0.568584 0.715388 0.860417 1.039732 1.197730 0.164966 0.377183 0.498419 0.675075 0.822869 0.891435 1.109973 1.223781 0.299841 0.553093 0.646650 0.709368 0.856677 1.009578 1.110825 1.350680 0.636236 0.711484 0.796285 0.816445 0.968388 1.080077 1.246822 1.412140 0.882400 0.879274 0.934819 1.021380 1.077933 1.247392 1.336649 1.484107 1.055665 1.032444 1.087214 1.172881 1.228528 1.354915 1.435283 1.568600 1.211353 1.259012 1.301975 1.295901 1.381564 1.484078 1.605934 1.669237 
0.027089 0.024791 0.019812 0.024442 0.044453 0.023044 0.032838 0.027059 0.032922 0.018662 0.046803 0.044657 0.027881 0.024588 0.001750 0.015767 0.033769 0.043878 0.043958 0.045039 0.041186 0.000000 0.044609 0.031829 0.048266 0.046934 0.051130 0.025725 0.053716 0.056659 0.037440 0.066695 0.037692 0.059667 0.073026 0.036428 0.081931 0.163322 0.232591 0.627499 0.806467 0.910239 1.076773 1.277674 0.138540 0.161551 0.520793 0.626388 0.774212 0.915681 1.095133 1.253614 0.203178 0.453239 0.573338 0.746784 0.890867 0.955874 1.173099 1.284865 0.340276 0.627462 0.722708 0.784379 0.930827 1.081039 1.179290 1.418605 0.701269 0.783442 0.871058 0.892501 1.043852 1.154331 1.319720 1.483710 0.946304 0.949706 1.008065 1.096542 1.153996 1.322946 1.411659 1.557596 1.117364 1.100854 1.159746 1.246876 1.304484 1.430960 1.510964 1.643680 1.273650 1.326438 1.373235 1.369845 1.456705 1.560000 1.681956 1.745105 
0.065638 0.059811 0.060406 0.020171 0.026075 0.023933 0.070650 0.058017 0.011851 0.050611 0.002361 0.039020 0.068409 0.069069 0.046346 0.035399 0.011653 0.006333 0.068919 0.043124 0.021473 0.044609 0.000000 0.017790 0.058375 0.049158 0.044358 0.034401 0.048421 0.026252 0.071061 0.053720 0.038794 0.043410 0.056746 0.018607 0.054579 0.126229 0.193021 0.550223 0.730614 0.833484 0.999810 1.202687 0.100293 0.117158 0.438420 0.545327 0.692933 0.835651 1.015112 1.173449 0.176642 0.382406 0.496366 0.665847 0.808617 0.873558 1.090954 1.203121 0.314077 0.566824 0.652030 0.707290 0.852064 0.999828 1.097083 1.336309 0.661602 0.729318 0.808434 0.820629 0.967787 1.075607 1.239424 1.402483 0.908187 0.898892 0.950189 1.032077 1.082412 1.247055 1.334205 1.477812 1.082807 1.054145 1.103659 1.186544 1.235051 1.358377 1.435512 1.566327 1.237969 1.281490 1.320133 1.309592 1.392089 1.490800 1.608854 1.670561 
0.048936 0.042722 0.044445 0.012049 0.016052 0.008786 0.062453 0.040522 0.012314 0.033626 0.019157 0.024930 0.058729 0.054973 0.033545 0.028784 0.014445 0.013935 0.066258 0.048659 0.030648 0.031829 0.017790 0.000000 0.060827 0.053791 0.052039 0.033037 0.055954 0.041298 0.064841 0.064551 0.042283 0.054691 0.068894 0.025287 0.053020 0.132118 0.200960 0.568717 0.747766 0.851476 1.018005 1.219107 0.118077 0.133023 0.465911 0.568461 0.716398 0.857220 1.036654 1.195171 0.193065 0.415248 0.528442 0.695984 0.836668 0.899723 1.116334 1.227425 0.331857 0.599214 0.684850 0.739262 0.883441 1.029614 1.125219 1.364080 0.690554 0.760969 0.841056 0.853373 0.999957 1.106961 1.269931 1.432200 0.936978 0.930102 0.982385 1.064834 1.115161 1.279233 1.365981 1.508611 1.110883 1.084706 1.135669 1.219019 1.267889 1.391034 1.467766 1.598117 1.266354 1.311787 1.351777 1.342070 1.424867 1.523640 1.641448 1.702962 
0.073186 0.072579 0.065698 0.048963 0.076817 0.055757 0.038878 0.075298 0.050814 0.066886 0.060398 0.084099 0.043165 0.061054 0.048448 0.035929 0.049329 0.062882 0.019945 0.016723 0.037748 0.048266 0.058375 0.060827 0.000000 0.010754 0.020084 0.028101 0.018212 0.045762 0.032325 0.030265 0.019590 0.031112 0.037018 0.039776 0.111975 0.202986 0.274313 0.644029 0.825982 0.927032 1.092567 1.298333 0.127634 0.171108 0.508027 0.628626 0.774155 0.921371 1.100320 1.257810 0.180460 0.401570 0.532088 0.717598 0.871514 0.944484 1.164043 1.279701 0.291982 0.559680 0.667091 0.741297 0.891715 1.051597 1.158123 1.398472 0.617989 0.708660 0.803790 0.837778 0.996843 1.114191 1.284951 1.453301 0.861742 0.871876 0.935581 1.030519 1.097742 1.274679 1.367097 1.520233 1.031309 1.020132 1.085346 1.176084 1.244448 1.375768 1.461314 1.598429 1.187824 1.244452 1.296180 1.298751 1.390074 1.499148 1.627292 1.693155 
0.073366 0.071723 0.065843 0.042426 0.069484 0.049902 0.045096 0.073751 0.042826 0.064983 0.051050 0.077996 0.048148 0.063594 0.047499 0.032483 0.041121 0.054108 0.029189 0.006227 0.027965 0.046934 0.049158 0.053791 0.010754 0.000000 0.009675 0.022991 0.009013 0.035021 0.039770 0.022746 0.011538 0.021192 0.029704 0.030792 0.103406 0.173061 0.237071 0.624172 0.806136 0.907172 1.072709 1.278482 0.106296 0.144026 0.489047 0.608965 0.754620 0.901665 1.080649 1.238186 0.158780 0.387505 0.516342 0.700344 0.853295 0.925635 1.145081 1.260513 0.289320 0.550057 0.654280 0.726067 0.875932 1.034537 1.140170 1.380466 0.615260 0.701664 0.794185 0.824887 0.982455 1.098661 1.268662 1.436462 0.859945 0.866255 0.927793 1.020630 1.085313 1.260620 1.352379 1.504371 1.030723 1.015973 1.078326 1.167761 1.232977 1.363173 1.447567 1.583878 1.187042 1.241022 1.290297 1.290557 1.380455 1.487939 1.614625 1.679915 
0.078133 0.075705 0.070704 0.041720 0.067010 0.049690 0.053846 0.077132 0.040174 0.068218 0.045974 0.076864 0.056311 0.070151 0.051976 0.035652 0.038220 0.049917 0.038849 0.006531 0.022956 0.051130 0.044358 0.052039 0.020084 0.009675 0.000000 0.025562 0.004068 0.026504 0.049012 0.015625 0.013452 0.011637 0.022251 0.027209 0.098932 0.165788 0.228891 0.607672 0.789762 0.890535 1.055948 1.262048 0.096950 0.134428 0.471216 0.591558 0.737064 0.884329 1.063255 1.220726 0.152478 0.371362 0.499290 0.682699 0.835445 0.907785 1.127250 1.242745 0.283643 0.536658 0.638769 0.709228 0.858827 1.016942 1.122355 1.362642 0.607047 0.690076 0.780701 0.809295 0.966014 1.081658 1.251334 1.418932 0.852361 0.855638 0.915552 1.006905 1.069963 1.244335 1.335751 1.487212 1.024088 1.006441 1.066611 1.155094 1.218200 1.347702 1.431441 1.567326 1.180204 1.232018 1.279390 1.277965 1.366871 1.473308 1.599100 1.664059 
0.052811 0.050156 0.045475 0.021027 0.049089 0.027662 0.038340 0.051602 0.024427 0.042705 0.036707 0.056004 0.037944 0.046826 0.026706 0.010093 0.023461 0.037463 0.034645 0.019791 0.019691 0.025725 0.034401 0.033037 0.028101 0.022991 0.025562 0.000000 0.028456 0.034594 0.037282 0.041032 0.012303 0.034039 0.047304 0.017566 0.085311 0.160566 0.227325 0.612212 0.793095 0.895555 1.061726 1.265336 0.115600 0.144664 0.491155 0.603900 0.750933 0.895366 1.074748 1.232861 0.177471 0.409677 0.533113 0.711088 0.859231 0.927687 1.146130 1.259724 0.311864 0.580770 0.678578 0.743906 0.891805 1.045604 1.147168 1.387038 0.654255 0.736033 0.824556 0.848732 1.002366 1.115116 1.282459 1.448124 0.899552 0.902197 0.960881 1.050319 1.109956 1.281204 1.371101 1.519504 1.071134 1.053435 1.112399 1.199924 1.259561 1.387280 1.468865 1.602969 1.227296 1.279132 1.325747 1.322865 1.410435 1.514939 1.638470 1.702386 
0.080579 0.078421 0.073104 0.045466 0.071011 0.053379 0.054099 0.080039 0.044158 0.071154 0.050027 0.080733 0.057031 0.071825 0.054468 0.038482 0.042221 0.053984 0.037736 0.008694 0.027024 0.053716 0.048421 0.055954 0.018212 0.009013 0.004068 0.028456 0.000000 0.029909 0.048747 0.013905 0.016158 0.012935 0.020830 0.031233 0.102992 0.169451 0.232214 0.612958 0.795131 0.895692 1.060990 1.267357 0.097449 0.136451 0.474482 0.595878 0.741119 0.888737 1.067572 1.224937 0.150538 0.370859 0.499853 0.684347 0.837909 0.910887 1.130480 1.246256 0.280931 0.534075 0.637689 0.709501 0.859459 1.018458 1.124585 1.364920 0.602064 0.686515 0.778179 0.808286 0.965820 1.082144 1.252315 1.420297 0.847173 0.851629 0.912331 1.004537 1.068753 1.243976 1.335765 1.487921 1.018598 1.001977 1.063125 1.152106 1.216547 1.346592 1.430923 1.567253 1.174781 1.227352 1.275522 1.274938 1.364419 1.471551 1.598037 1.663286 
0.082378 0.077884 0.075795 0.036330 0.052291 0.043699 0.072122 0.077497 0.029715 0.068973 0.026728 0.064884 0.072414 0.080256 0.058117 0.042030 0.027686 0.032580 0.062317 0.029144 0.015549 0.056659 0.026252 0.041298 0.045762 0.035021 0.026504 0.034594 0.029909 0.000000 0.069493 0.029934 0.029715 0.020076 0.031496 0.020361 0.077725 0.139708 0.202387 0.559541 0.741469 0.842597 1.008217 1.213824 0.081895 0.111080 0.429131 0.545726 0.691951 0.838136 1.017277 1.175025 0.151855 0.348625 0.469780 0.647240 0.796161 0.865891 1.084794 1.199262 0.286113 0.526115 0.618173 0.680705 0.828171 0.981758 1.083896 1.323885 0.614376 0.685901 0.768972 0.787884 0.939676 1.051541 1.218595 1.384258 0.860855 0.854451 0.908428 0.993774 1.049414 1.218676 1.307979 1.455729 1.035054 1.008605 1.061200 1.146014 1.200235 1.326327 1.406570 1.539920 1.190388 1.235589 1.276609 1.269053 1.353952 1.455823 1.577316 1.640547 
0.052963 0.055303 0.046531 0.053729 0.079779 0.056771 0.008282 0.059674 0.059982 0.053471 0.073414 0.081879 0.014949 0.036097 0.036413 0.036462 0.059565 0.073115 0.014006 0.043130 0.056201 0.037440 0.071061 0.064841 0.032325 0.039770 0.049012 0.037282 0.048747 0.069493 0.000000 0.062062 0.039969 0.060634 0.068963 0.054827 0.117522 0.196328 0.264002 0.680973 0.861698 0.964306 1.130515 1.333856 0.145961 0.180571 0.557469 0.672359 0.819178 0.964052 1.143405 1.301455 0.194566 0.460654 0.589748 0.772738 0.923931 0.994232 1.213104 1.327326 0.325193 0.618928 0.726685 0.799515 0.949315 1.107099 1.211339 1.451485 0.671072 0.766249 0.862983 0.897360 1.055763 1.172088 1.341832 1.509218 0.913213 0.928129 0.993698 1.089805 1.157411 1.333809 1.425778 1.577719 1.080732 1.074681 1.142825 1.234528 1.304124 1.435417 1.520609 1.657240 1.237460 1.297980 1.352559 1.357093 1.449222 1.558788 1.686931 1.752653 
0.093730 0.091179 0.086314 0.055365 0.078452 0.063468 0.067765 0.092444 0.052280 0.083515 0.054845 0.089459 0.070886 0.085612 0.067571 0.051119 0.050182 0.059839 0.050211 0.022019 0.033968 0.066695 0.053720 0.064551 0.030265 0.022746 0.015625 0.041032 0.013905 0.029934 0.062062 0.000000 0.029064 0.010317 0.006959 0.039277 0.107263 0.168116 0.228461 0.601566 0.783980 0.883584 1.048358 1.255788 0.085152 0.127601 0.456294 0.580794 0.725070 0.873796 1.052266 1.209244 0.136874 0.346041 0.476201 0.662373 0.817548 0.892039 1.111916 1.228434 0.266416 0.508413 0.612390 0.685426 0.835826 0.996180 1.103664 1.344074 0.578635 0.661272 0.752511 0.783022 0.941207 1.058297 1.229145 1.397725 0.824143 0.826781 0.886879 0.978857 1.043364 1.219196 1.311350 1.464348 0.996258 0.977682 1.037832 1.126553 1.190970 1.321254 1.405999 1.542739 1.152269 1.203354 1.250536 1.249400 1.338745 1.445942 1.572723 1.638160 
0.064681 0.062321 0.057254 0.030891 0.058045 0.038421 0.043372 0.063882 0.031546 0.054995 0.040838 0.066463 0.044793 0.057107 0.038524 0.022329 0.029941 0.043325 0.032870 0.007490 0.018624 0.037692 0.038794 0.042283 0.019590 0.011538 0.013452 0.012303 0.016158 0.029715 0.039969 0.029064 0.000000 0.023202 0.035574 0.020190 0.092509 0.164118 0.229285 0.612481 0.794049 0.895736 1.061589 1.266442 0.107412 0.140725 0.483792 0.600375 0.746744 0.892623 1.071831 1.229661 0.165853 0.392841 0.518731 0.699600 0.850138 0.920568 1.139571 1.254133 0.298536 0.560688 0.661015 0.729146 0.877977 1.034058 1.137615 1.377729 0.631747 0.714743 0.804652 0.831402 0.986750 1.101066 1.269660 1.436350 0.876949 0.880447 0.940033 1.030696 1.092336 1.265332 1.356060 1.506108 1.048438 1.031280 1.091237 1.179413 1.241166 1.369910 1.452699 1.587782 1.204615 1.256828 1.304162 1.302310 1.390730 1.496394 1.621227 1.685729 
0.086738 0.083651 0.079468 0.046061 0.068289 0.054166 0.065316 0.084511 0.042382 0.075594 0.044528 0.079535 0.067501 0.080245 0.060718 0.043903 0.040261 0.049546 0.050364 0.017696 0.024043 0.059667 0.043410 0.054691 0.031112 0.021192 0.011637 0.034039 0.012935 0.020076 0.060634 0.010317 0.023202 0.000000 0.014325 0.029539 0.097009 0.159327 0.220838 0.590225 0.772499 0.872766 1.037922 1.244617 0.085337 0.123537 0.450599 0.572231 0.717344 0.865131 1.043910 1.201220 0.143551 0.350523 0.477901 0.661238 0.814261 0.887027 1.106602 1.222368 0.274962 0.518122 0.618357 0.687929 0.837412 0.995465 1.101064 1.341372 0.593803 0.673247 0.762014 0.788803 0.944929 1.060279 1.229856 1.397444 0.839663 0.839737 0.898017 0.987965 1.049641 1.223341 1.314552 1.465775 1.012365 0.991622 1.049565 1.137116 1.198331 1.327278 1.410546 1.546167 1.168218 1.217706 1.263117 1.260047 1.348027 1.453549 1.578629 1.643346 
0.100103 0.097346 0.092730 0.060384 0.082130 0.068490 0.074718 0.098425 0.056580 0.089495 0.057629 0.093667 0.077838 0.092384 0.073961 0.057349 0.054450 0.063004 0.056948 0.028739 0.038278 0.073026 0.056746 0.068894 0.037018 0.029704 0.022251 0.047304 0.020830 0.031496 0.068963 0.006959 0.035574 0.014325 0.000000 0.043831 0.109211 0.167032 0.226065 0.594812 0.777270 0.876392 1.040886 1.248792 0.078792 0.122857 0.446387 0.572286 0.716060 0.865270 1.043542 1.200325 0.130280 0.333334 0.463895 0.650724 0.806573 0.881722 1.101704 1.218546 0.259577 0.495731 0.599558 0.672950 0.823504 0.984382 1.092425 1.332857 0.567737 0.649046 0.739812 0.770195 0.928547 1.045892 1.216988 1.385797 0.813474 0.814866 0.874457 0.966118 1.030519 1.206483 1.298748 1.452036 0.986010 0.966159 1.025554 1.114021 1.178124 1.308415 1.393246 1.530105 1.141904 1.192027 1.238504 1.236886 1.326028 1.433104 1.559886 1.625358 
0.062032 0.057668 0.055437 0.016953 0.039820 0.024928 0.055757 0.057536 0.013093 0.048871 0.020679 0.050214 0.054820 0.060400 0.037936 0.022529 0.011062 0.023316 0.051063 0.024933 0.005723 0.036428 0.018607 0.025287 0.039776 0.030792 0.027209 0.017566 0.031233 0.020361 0.054827 0.039277 0.020190 0.029539 0.043831 0.000000 0.072616 0.144383 0.210372 0.579995 0.761027 0.863341 1.029467 1.233325 0.102139 0.127694 0.459632 0.571506 0.718597 0.862926 1.042311 1.200433 0.170647 0.386155 0.506302 0.681630 0.828319 0.895976 1.114233 1.227589 0.306176 0.563121 0.655745 0.717315 0.864193 1.016083 1.116437 1.356162 0.646801 0.721840 0.806197 0.825403 0.976629 1.087648 1.253841 1.418701 0.892957 0.889731 0.945021 1.031164 1.086961 1.255701 1.344607 1.491360 1.066186 1.042978 1.097500 1.182956 1.237838 1.363816 1.443696 1.576600 1.221889 1.269565 1.312370 1.305982 1.391347 1.493426 1.614768 1.677833 
0.087411 0.080356 0.086705 0.064859 0.037764 0.060758 0.114374 0.075584 0.061237 0.074143 0.052990 0.039849 0.109807 0.100639 0.083433 0.081797 0.062651 0.049302 0.119224 0.097509 0.076041 0.081931 0.054579 0.053020 0.111975 0.103406 0.098932 0.085311 0.102992 0.077725 0.117522 0.107263 0.092509 0.097009 0.109211 0.072616 0.000000 0.092540 0.170774 0.487517 0.662929 0.767874 0.934376 1.132020 0.140374 0.128850 0.415042 0.499259 0.646933 0.781635 0.960417 1.119029 0.237793 0.416413 0.509137 0.656630 0.784155 0.838608 1.051456 1.158616 0.356487 0.615304 0.679750 0.715861 0.852509 0.985723 1.071803 1.308271 0.734422 0.785075 0.850408 0.843405 0.977427 1.074693 1.230099 1.386625 0.980582 0.957493 0.998689 1.069037 1.103958 1.255744 1.337191 1.470421 1.157639 1.116781 1.153908 1.229859 1.260872 1.376136 1.444892 1.568965 1.311250 1.345207 1.373655 1.352525 1.427110 1.516201 1.624474 1.682018 
0.170955 0.163895 0.170061 0.142645 0.119095 0.140725 0.194527 0.159126 0.136541 0.157472 0.123970 0.123345 0.190794 0.203465 0.164948 0.159870 0.137210 0.123350 0.195147 0.166836 0.145571 0.163322 0.126229 0.132118 0.202986 0.173061 0.165788 0.160566 0.169451 0.139708 0.196328 0.168116 0.164118 0.159327 0.167032 0.144383 0.092540 0.000000 0.070777 0.334885 0.508745 0.613865 0.780297 0.977813 0.140993 0.094750 0.300252 0.356646 0.502124 0.569900 0.730580 0.967672 0.231181 0.384296 0.436367 0.547604 0.655796 0.700266 0.908396 1.012022 0.406313 0.533878 0.619882 0.627542 0.750454 0.865264 0.939838 1.172740 0.750399 0.766998 0.807182 0.771188 0.884738 0.967793 1.112498 1.261551 0.989792 0.848870 0.962957 1.013469 1.025309 1.158567 1.232492 1.221878 1.169389 1.104312 1.118645 1.182117 1.186348 1.289533 1.347111 1.462459 1.317895 1.332044 1.341499 1.302838 1.364442 1.438904 1.533427 1.585436 
0.241522 0.234446 0.240379 0.210810 0.188844 0.209697 0.262902 0.229741 0.204041 0.227792 0.190684 0.193864 0.259633 0.281065 0.234260 0.227778 0.204441 0.190977 0.261426 0.230946 0.210694 0.232591 0.193021 0.200960 0.274313 0.237071 0.228891 0.227325 0.232214 0.202387 0.264002 0.228461 0.229285 0.220838 0.226065 0.210372 0.170774 0.070777 0.000000 0.205040 0.378204 0.483183 0.649653 0.848249 0.180149 0.121973 0.229586 0.240199 0.379996 0.453889 0.613793 0.838100 0.260578 0.354736 0.400180 0.465408 0.549725 0.583223 0.785743 0.886069 0.428083 0.533343 0.584978 0.564245 0.669811 0.764553 0.827395 1.056039 0.776879 0.764387 0.781138 0.719237 0.810770 0.879080 1.012458 1.153907 1.004893 0.843151 0.940004 0.971871 0.962426 1.077083 1.143532 1.130898 1.183771 1.099144 1.093496 1.145114 1.125296 1.216602 1.263680 1.370582 1.326219 1.323404 1.316384 1.262769 1.312320 1.373214 1.454950 1.501807 
0.647928 0.634829 0.644839 0.585194 0.548658 0.584941 0.680678 0.626465 0.571525 0.621708 0.545862 0.560050 0.675879 0.668533 0.630665 0.615508 0.571714 0.548105 0.673054 0.613350 0.578909 0.627499 0.550223 0.568717 0.644029 0.624172 0.607672 0.612212 0.612958 0.559541 0.680973 0.601566 0.612481 0.590225 0.594812 0.579995 0.487517 0.334885 0.205040 0.000000 0.098798 0.153423 0.243437 0.354338 0.480905 0.374161 0.121262 0.055322 0.103340 0.161530 0.257114 0.342784 0.593313 0.261344 0.215096 0.197045 0.210579 0.215561 0.318475 0.370213 0.645500 0.334252 0.301829 0.264518 0.299504 0.328118 0.349964 0.468927 0.449761 0.419656 0.408015 0.352857 0.378764 0.400230 0.460298 0.529256 0.558930 0.503908 0.492730 0.492815 0.468452 0.511803 0.540354 0.588245 0.652468 0.591363 0.571160 0.587957 0.555996 0.593768 0.609481 0.659289 0.722846 0.706948 0.689041 0.647537 0.663248 0.683726 0.716218 0.736866 
0.824250 0.811179 0.822009 0.764972 0.726447 0.763977 0.860865 0.802495 0.751676 0.798775 0.726256 0.736230 0.855600 0.846434 0.809597 0.795696 0.752036 0.727971 0.854498 0.795239 0.760281 0.806467 0.730614 0.747766 0.825982 0.806136 0.789762 0.793095 0.795131 0.741469 0.861698 0.783980 0.794049 0.772499 0.777270 0.761027 0.662929 0.508745 0.378204 0.098798 0.000000 0.057415 0.147121 0.255787 0.661644 0.555959 0.207358 0.127311 0.097771 0.092042 0.173793 0.256459 0.764689 0.335236 0.288009 0.233544 0.203307 0.180733 0.255542 0.295767 0.783754 0.407269 0.358776 0.304451 0.313500 0.309202 0.307829 0.411965 0.526700 0.484115 0.458786 0.389196 0.390008 0.391329 0.431178 0.485400 0.625295 0.560683 0.539244 0.525128 0.483295 0.503744 0.521775 0.552242 0.715042 0.644544 0.611665 0.618551 0.567088 0.590979 0.594436 0.632450 0.779787 0.753584 0.724628 0.672995 0.677734 0.684713 0.702975 0.717384 
0.929044 0.915959 0.926536 0.868273 0.830707 0.867700 0.963907 0.907361 0.854726 0.903327 0.829123 0.841022 0.958958 0.950700 0.913388 0.898728 0.854962 0.831207 0.956340 0.896421 0.862224 0.910239 0.833484 0.851476 0.927032 0.907172 0.890535 0.895555 0.895692 0.842597 0.964306 0.883584 0.895736 0.872766 0.876392 0.863341 0.767874 0.613865 0.483183 0.153423 0.057415 0.000000 0.090200 0.201859 0.755965 0.652562 0.251686 0.171733 0.116840 0.062455 0.120465 0.200545 0.848571 0.377019 0.322283 0.250917 0.198612 0.160931 0.211813 0.244707 0.846055 0.438857 0.381740 0.319630 0.313471 0.289984 0.274753 0.368234 0.559369 0.509138 0.475831 0.399323 0.385537 0.375106 0.402379 0.447632 0.650011 0.579905 0.552428 0.530016 0.478675 0.485555 0.497360 0.517891 0.736593 0.660640 0.620297 0.621157 0.558914 0.574530 0.571057 0.602227 0.797254 0.764699 0.729194 0.671973 0.670239 0.669404 0.679551 0.690441 
1.095588 1.082506 1.093114 1.034714 0.997291 1.034230 1.130263 1.073889 1.021102 1.069904 0.995449 1.007564 1.125402 1.117283 1.079925 1.065090 1.021300 0.997637 1.122239 1.062037 1.028202 1.076773 0.999810 1.018005 1.092567 1.072709 1.055948 1.061726 1.060990 1.008217 1.130515 1.048358 1.061589 1.037922 1.040886 1.029467 0.934376 0.780297 0.649653 0.243437 0.147121 0.090200 0.000000 0.115808 0.917467 0.815880 0.335369 0.257128 0.190197 0.109165 0.071148 0.124238 1.001136 0.456974 0.396055 0.310088 0.236108 0.182842 0.176032 0.184628 0.970035 0.507808 0.442171 0.372988 0.347704 0.296607 0.256970 0.321866 0.628128 0.569581 0.527040 0.443562 0.410052 0.381769 0.385775 0.411846 0.708467 0.632206 0.597259 0.563901 0.499928 0.485044 0.485760 0.487272 0.790283 0.707891 0.657903 0.650187 0.572855 0.574855 0.559630 0.577878 0.845087 0.804115 0.759667 0.694932 0.683342 0.670005 0.666257 0.670775 
1.293416 1.280410 1.291870 1.236718 1.197005 1.235287 1.332762 1.271490 1.223626 1.268617 1.198332 1.205584 1.327233 1.316810 1.280775 1.267635 1.224065 1.199797 1.326877 1.267607 1.232655 1.277674 1.202687 1.219107 1.298333 1.278482 1.262048 1.265336 1.267357 1.213824 1.333856 1.255788 1.266442 1.244617 1.248792 1.233325 1.132020 0.977813 0.848249 0.354338 0.255787 0.201859 0.115808 0.000000 1.128509 1.025356 0.450925 0.372158 0.305874 0.223807 0.152928 0.129622 1.214950 0.572745 0.511000 0.421206 0.340075 0.282884 0.231161 0.202386 1.161291 0.620997 0.552299 0.480642 0.445292 0.376782 0.318349 0.340075 0.740870 0.678820 0.631602 0.545071 0.498900 0.457087 0.437646 0.438365 0.815947 0.736519 0.697105 0.656403 0.583713 0.549381 0.538375 0.516846 0.894545 0.808413 0.751984 0.737648 0.648602 0.637362 0.609918 0.612196 0.945175 0.898276 0.847056 0.776657 0.756246 0.730676 0.711648 0.708442 
