0.000000 0.067201 0.064980 0.106419 1.054216 0.653601 1.041588 0.981087 0.675119 0.933691 1.408731 0.008702 0.009240 0.057709 0.051168 0.055683 0.014662 0.067809 0.018874 0.082759 0.058477 0.047185 0.032094 0.052558 0.069602 0.077083 0.078506 0.088267 0.082499 0.033235 0.080531 0.060039 0.090012 0.095861 0.064794 0.098862 0.101069 0.114997 0.079357 0.122817 0.076107 0.209745 0.296323 0.528102 0.671816 0.757229 0.892973 0.200951 0.223226 0.452712 0.532917 0.282512 0.407726 0.503143 0.640930 0.755056 0.805245 1.070611 0.627563 0.793288 0.912849 0.990249 1.184719 0.611866 0.679297 0.750122 0.765630 0.887228 0.975489 1.108696 1.240971 0.811340 0.862243 0.978904 1.114821 1.186188 0.950300 0.937913 0.985971 1.056731 1.102203 1.204332 1.268308 1.375373 1.077777 1.121662 1.160048 1.156974 1.227262 1.310548 1.459598 
0.067201 0.000000 0.097881 0.083783 0.975635 0.571173 0.959674 0.898712 0.602039 0.874482 1.339586 0.058655 0.064061 0.034463 0.028300 0.094043 0.054064 0.032966 0.048895 0.031876 0.016910 0.088643 0.056465 0.054471 0.035323 0.024291 0.100655 0.078685 0.054757 0.054540 0.031992 0.019694 0.085250 0.082214 0.060227 0.087123 0.064156 0.096252 0.071215 0.100765 0.048855 0.146117 0.231693 0.447191 0.592100 0.677078 0.812855 0.150211 0.159440 0.371610 0.450489 0.247939 0.343110 0.430786 0.562640 0.674010 0.723102 0.988165 0.562113 0.717827 0.833726 0.909152 1.103280 0.578110 0.631166 0.693108 0.698522 0.815026 0.899846 1.030802 1.161605 0.779124 0.810057 0.911818 1.042588 1.111988 0.921634 0.897103 0.935543 1.001811 1.037412 1.135908 1.196489 1.301184 1.048022 1.082592 1.112621 1.102074 1.167657 1.245871 1.388750 
0.064980 0.097881 0.000000 0.074392 1.087177 0.667682 1.060768 0.988756 0.651655 0.888260 1.374955 0.067851 0.057089 0.065920 0.069653 0.010161 0.073214 0.073592 0.065604 0.090071 0.100457 0.018341 0.044674 0.044736 0.073081 0.089705 0.017184 0.052917 0.068953 0.045935 0.087185 0.079553 0.048794 0.060133 0.045741 0.059808 0.085261 0.076144 0.049038 0.084611 0.067267 0.240874 0.323903 0.555036 0.702338 0.785970 0.921441 0.179080 0.221543 0.454372 0.548015 0.238713 0.375462 0.480682 0.629830 0.753062 0.810362 1.081854 0.592294 0.773751 0.902355 0.987318 1.183052 0.546966 0.624541 0.703385 0.731405 0.860513 0.955326 1.093677 1.230108 0.744326 0.809926 0.943362 1.087138 1.162099 0.880864 0.875933 0.931475 1.006218 1.062943 1.169955 1.239392 1.350755 1.008608 1.057935 1.102420 1.106116 1.181207 1.270510 1.428523 
0.106419 0.083783 0.074392 0.000000 1.014441 0.584681 0.979070 0.901950 0.560705 0.805254 1.286682 0.102631 0.097499 0.056513 0.066456 0.080136 0.103687 0.051998 0.092746 0.054631 0.097581 0.082816 0.074495 0.053864 0.049396 0.060788 0.061792 0.021712 0.029499 0.073206 0.053260 0.067100 0.026001 0.014277 0.041763 0.015870 0.024631 0.012658 0.028466 0.017575 0.036241 0.195478 0.270946 0.481070 0.629635 0.711359 0.845971 0.104700 0.151568 0.367266 0.466404 0.176123 0.285698 0.389519 0.538951 0.663674 0.722983 0.996307 0.503999 0.682543 0.811367 0.897436 1.093302 0.483987 0.548738 0.621089 0.642924 0.770176 0.864194 1.002410 1.139004 0.684378 0.731940 0.855524 0.997100 1.071442 0.825141 0.808235 0.855462 0.926821 0.976715 1.081815 1.149684 1.260223 0.952171 0.992507 1.029520 1.027018 1.098727 1.184734 1.339431 
1.054216 0.975635 1.087177 1.014441 0.000000 0.375277 0.159033 0.283611 0.589699 0.805340 0.873121 1.043615 1.052955 1.008003 1.006837 1.086285 1.036344 0.997332 1.034003 0.976716 0.982627 1.081778 1.043912 1.033202 0.997690 0.977910 1.081488 1.033180 1.004691 1.041385 0.980265 0.993649 1.042043 1.028649 1.031328 1.032976 0.989343 1.023547 1.032230 1.017844 1.005237 0.796979 0.691376 0.434737 0.313825 0.247660 0.142085 0.919806 0.835730 0.553239 0.456601 0.990260 0.702701 0.626945 0.516778 0.417238 0.347070 0.248308 0.677615 0.546328 0.462274 0.390582 0.417238 0.908973 0.832844 0.774912 0.668748 0.612100 0.560800 0.536948 0.537829 1.001085 0.855278 0.716157 0.674035 0.660532 1.097516 0.991841 0.922609 0.905020 0.795770 0.781978 0.748308 0.751103 1.159634 1.102094 1.039252 0.952879 0.927838 0.896465 0.869187 
0.653601 0.571173 0.667682 0.584681 0.375277 0.000000 0.321741 0.269955 0.254578 0.524443 0.761319 0.643056 0.649365 0.594790 0.596873 0.669608 0.636984 0.582615 0.631077 0.561312 0.583629 0.667406 0.633665 0.617523 0.582132 0.564989 0.657726 0.607069 0.583086 0.631031 0.564784 0.583909 0.615062 0.600753 0.612058 0.604059 0.563984 0.590977 0.608644 0.583634 0.585702 0.409263 0.309721 0.126787 0.119955 0.143351 0.233353 0.474740 0.398925 0.183088 0.098365 0.531361 0.327515 0.253947 0.168085 0.139098 0.137756 0.340006 0.326072 0.266983 0.280159 0.302594 0.450160 0.543319 0.481917 0.445153 0.357643 0.362473 0.374351 0.439994 0.522578 0.654984 0.542516 0.476320 0.512559 0.542334 0.762603 0.672888 0.630578 0.639314 0.580809 0.616825 0.629092 0.685514 0.839585 0.805133 0.769157 0.706952 0.715697 0.730111 0.783716 
1.041588 0.959674 1.060768 0.979070 0.159033 0.321741 0.000000 0.132962 0.482449 0.667074 0.714212 1.030936 1.038263 0.986057 0.987266 1.062121 1.024414 0.974191 1.019620 0.952919 0.970416 1.059386 1.024396 1.009547 0.973916 0.955967 1.051524 1.001065 0.976225 1.021774 0.956435 0.974139 1.009199 0.994969 1.004859 0.998401 0.957719 0.985610 1.002251 0.978340 0.978428 0.788713 0.683104 0.420562 0.314650 0.246048 0.152428 0.868936 0.793534 0.503597 0.418061 0.914313 0.636188 0.549674 0.423428 0.310400 0.239566 0.090266 0.574987 0.420384 0.319047 0.237219 0.262574 0.812061 0.724297 0.655754 0.545799 0.472913 0.411192 0.378501 0.381413 0.885623 0.726333 0.570458 0.517817 0.501820 0.974045 0.862556 0.784990 0.760659 0.643792 0.624733 0.589324 0.593568 1.028435 0.963277 0.893962 0.803661 0.773727 0.738512 0.711224 
0.981087 0.898712 0.988756 0.901950 0.283611 0.269955 0.132962 0.000000 0.368391 0.534792 0.602937 0.970666 0.976180 0.919500 0.922592 0.991866 0.964918 0.907000 0.958266 0.885811 0.912187 0.990607 0.958780 0.940989 0.906224 0.890268 0.976904 0.925965 0.904698 0.956149 0.889196 0.909882 0.933313 0.918779 0.934168 0.921412 0.884176 0.906281 0.928822 0.897958 0.908170 0.740399 0.640430 0.390736 0.313524 0.259873 0.215974 0.782664 0.716991 0.435822 0.367084 0.807204 0.548366 0.456468 0.323144 0.206737 0.146380 0.083561 0.461807 0.295034 0.186577 0.107045 0.192282 0.698937 0.604981 0.531114 0.420238 0.340850 0.278794 0.259750 0.292370 0.761348 0.596749 0.437522 0.391147 0.383518 0.845835 0.732448 0.652695 0.627701 0.512682 0.499980 0.473467 0.493070 0.897437 0.830654 0.761065 0.671439 0.644240 0.615516 0.607107 
0.675119 0.602039 0.651655 0.560705 0.589699 0.254578 0.482449 0.368391 0.000000 0.280138 0.604019 0.666518 0.666535 0.604609 0.612434 0.659010 0.663540 0.592004 0.652669 0.573936 0.621162 0.661720 0.641670 0.618066 0.589955 0.581663 0.634217 0.587329 0.578179 0.639318 0.576486 0.602545 0.591790 0.578066 0.606330 0.578288 0.554818 0.558665 0.594300 0.548496 0.584657 0.511486 0.459895 0.324536 0.373531 0.392154 0.457618 0.432624 0.408905 0.222796 0.256839 0.399021 0.227451 0.140209 0.087125 0.173835 0.245520 0.451565 0.093422 0.102556 0.225414 0.316595 0.469400 0.330788 0.243606 0.191654 0.108385 0.173827 0.248042 0.365203 0.481808 0.411796 0.288070 0.265127 0.359129 0.416728 0.513069 0.418709 0.378893 0.396891 0.373029 0.440288 0.484673 0.570858 0.586041 0.551166 0.521554 0.471014 0.497541 0.539410 0.641902 
0.933691 0.874482 0.888260 0.805254 0.805340 0.524443 0.667074 0.534792 0.280138 0.000000 0.421553 0.927224 0.923352 0.864413 0.874715 0.898447 0.926446 0.853224 0.913782 0.839553 0.895095 0.904187 0.895634 0.870276 0.850503 0.848597 0.867894 0.830522 0.832489 0.893750 0.841208 0.867907 0.831877 0.820691 0.856076 0.818761 0.809988 0.797830 0.840082 0.787447 0.840463 0.826041 0.792136 0.604634 0.644280 0.650277 0.691850 0.690474 0.700522 0.493845 0.536975 0.596554 0.433938 0.383842 0.364376 0.407769 0.467719 0.604753 0.261548 0.266767 0.348216 0.439225 0.536768 0.338147 0.231505 0.150860 0.171782 0.194215 0.270284 0.371693 0.481613 0.288296 0.098915 0.117270 0.256888 0.330543 0.332567 0.209809 0.117917 0.116758 0.158286 0.263031 0.346327 0.453796 0.365993 0.296841 0.244868 0.193257 0.239280 0.317512 0.475270 
1.408731 1.339586 1.374955 1.286682 0.873121 0.761319 0.714212 0.602937 0.604019 0.421553 0.000000 1.400844 1.399381 1.337945 1.346787 1.383873 1.398624 1.325733 1.387010 1.309053 1.359267 1.388131 1.373082 1.348443 1.323404 1.317314 1.355706 1.313060 1.308937 1.370900 1.311317 1.337883 1.316021 1.303367 1.335456 1.302500 1.285612 1.281868 1.321402 1.271405 1.316137 1.249839 1.185876 0.878728 0.862480 0.833741 0.817430 1.162393 1.149067 0.820223 0.820451 1.091986 0.816350 0.741337 0.657634 0.622528 0.641087 0.624984 0.637986 0.521728 0.483376 0.502868 0.464736 0.759654 0.652033 0.564002 0.524704 0.431093 0.387753 0.344180 0.344719 0.686183 0.514641 0.351988 0.251472 0.223566 0.682170 0.570504 0.460441 0.380800 0.263798 0.167137 0.133254 0.140604 0.657058 0.544482 0.432410 0.335153 0.242352 0.127254 0.060405 
0.008702 0.058655 0.067851 0.102631 1.043615 0.643056 1.030936 0.970666 0.666518 0.927224 1.400844 0.000000 0.011119 0.051460 0.044134 0.059171 0.006508 0.061229 0.011297 0.075489 0.049791 0.050860 0.029793 0.049154 0.063185 0.069511 0.080059 0.085552 0.077382 0.030416 0.073381 0.052415 0.087997 0.092883 0.061537 0.096215 0.095556 0.111868 0.076462 0.119433 0.070753 0.201083 0.287641 0.517426 0.661162 0.746564 0.882311 0.194825 0.215408 0.442664 0.522373 0.278688 0.400220 0.494596 0.631455 0.745041 0.794928 1.060088 0.620093 0.784323 0.903243 0.980230 1.174617 0.608723 0.674277 0.743908 0.757965 0.878806 0.966512 1.099331 1.231330 0.808541 0.856749 0.971287 1.106420 1.177470 0.948038 0.934013 0.980761 1.050905 1.094950 1.196540 1.259986 1.366668 1.075413 1.118054 1.155298 1.151172 1.220793 1.303337 1.451444 
0.009240 0.064061 0.057089 0.097499 1.052955 0.649365 1.038263 0.976180 0.666535 0.923352 1.399381 0.011119 0.000000 0.050476 0.044911 0.048204 0.017305 0.060808 0.015448 0.076490 0.057540 0.039834 0.023032 0.043649 0.062419 0.071316 0.069936 0.079113 0.074230 0.024307 0.074112 0.054530 0.080783 0.086747 0.055794 0.089691 0.092993 0.105899 0.070244 0.113770 0.068015 0.208648 0.294921 0.525584 0.669989 0.755185 0.890957 0.193192 0.217527 0.446638 0.528697 0.273531 0.398130 0.494522 0.633595 0.748840 0.799932 1.066204 0.617902 0.785152 0.905726 0.984026 1.178703 0.600559 0.668352 0.739657 0.756115 0.878425 0.967355 1.101136 1.233897 0.800011 0.851457 0.969337 1.105984 1.177710 0.938965 0.926696 0.975080 1.046074 1.092353 1.194904 1.259381 1.366873 1.066441 1.110400 1.149013 1.146306 1.216917 1.300662 1.450496 
0.057709 0.034463 0.065920 0.056513 1.008003 0.594790 0.986057 0.919500 0.604609 0.864413 1.337945 0.051460 0.050476 0.000000 0.009951 0.063912 0.050572 0.010488 0.040317 0.027467 0.043645 0.060246 0.032116 0.021213 0.011944 0.024647 0.066703 0.046216 0.027819 0.029988 0.024748 0.014783 0.052052 0.051186 0.025798 0.055783 0.044573 0.067927 0.037900 0.074085 0.020800 0.175011 0.258643 0.476970 0.623500 0.707697 0.843357 0.143381 0.168306 0.387686 0.474396 0.230088 0.337110 0.432598 0.572409 0.689353 0.742357 1.010794 0.556979 0.723303 0.844750 0.924451 1.119479 0.552667 0.613505 0.681343 0.694922 0.816552 0.905502 1.039663 1.172951 0.753267 0.795093 0.908224 1.044126 1.115781 0.894340 0.875578 0.919542 0.988751 1.031815 1.133572 1.197569 1.304944 1.021294 1.060286 1.094894 1.089037 1.157967 1.240203 1.388804 
0.051168 0.028300 0.069653 0.066456 1.006837 0.596873 0.987266 0.922592 0.612434 0.874715 1.346787 0.044134 0.044911 0.009951 0.000000 0.066247 0.042402 0.017517 0.032836 0.031633 0.034773 0.061432 0.030381 0.026397 0.019792 0.026535 0.072596 0.055714 0.037600 0.028273 0.029363 0.010779 0.061225 0.060964 0.033939 0.065490 0.053614 0.077869 0.047139 0.084030 0.030584 0.172655 0.257277 0.476764 0.622689 0.707230 0.842962 0.151102 0.172631 0.391958 0.476321 0.239597 0.346487 0.440489 0.578515 0.694016 0.745887 1.013305 0.566349 0.730512 0.850625 0.929185 1.123987 0.564701 0.624827 0.691876 0.704050 0.824670 0.912713 1.046124 1.178796 0.765339 0.806104 0.917397 1.052281 1.123451 0.906485 0.887339 0.930702 0.999521 1.041378 1.142533 1.205840 1.312642 1.033418 1.072125 1.106277 1.099813 1.168241 1.249799 1.397307 
0.055683 0.094043 0.010161 0.080136 1.086285 0.669608 1.062121 0.991866 0.659010 0.898447 1.383873 0.059171 0.048204 0.063912 0.066247 0.000000 0.064822 0.072542 0.058002 0.089576 0.095050 0.008521 0.038711 0.043302 0.072392 0.088340 0.026933 0.058428 0.071066 0.040288 0.086680 0.076624 0.055328 0.066064 0.047040 0.066374 0.088487 0.083141 0.053213 0.091672 0.068408 0.238665 0.322554 0.554795 0.701659 0.785645 0.921235 0.184671 0.224386 0.457901 0.549647 0.247458 0.383649 0.487722 0.635461 0.757482 0.813766 1.084454 0.601138 0.780658 0.908079 0.991998 1.187614 0.558963 0.635645 0.713660 0.740204 0.868415 0.962400 1.100100 1.235993 0.756502 0.820835 0.952406 1.095239 1.169754 0.893187 0.887753 0.942626 1.016979 1.072463 1.178911 1.247684 1.358517 1.020922 1.069907 1.113889 1.116928 1.191519 1.280157 1.437116 
0.014662 0.054064 0.073214 0.103687 1.036344 0.636984 1.024414 0.964918 0.663540 0.926446 1.398624 0.006508 0.017305 0.050572 0.042402 0.064822 0.000000 0.059837 0.010957 0.073117 0.044121 0.056625 0.032962 0.050988 0.061964 0.066747 0.084752 0.087543 0.077398 0.033199 0.071181 0.049717 0.090485 0.094633 0.063310 0.098200 0.095081 0.113419 0.078377 0.120758 0.070591 0.195232 0.281869 0.510608 0.654084 0.739556 0.875287 0.193502 0.212005 0.437703 0.516310 0.279435 0.398506 0.491710 0.627363 0.740109 0.789424 1.054071 0.618364 0.780891 0.898944 0.975279 1.169518 0.610778 0.674817 0.743384 0.756015 0.876017 0.963055 1.095363 1.226969 0.810825 0.856859 0.969371 1.103644 1.174322 0.950702 0.935440 0.981107 1.050707 1.093400 1.194428 1.257294 1.363529 1.077996 1.119699 1.156023 1.150988 1.219996 1.301820 1.448934 
0.067809 0.032966 0.073592 0.051998 0.997332 0.582615 0.974191 0.907000 0.592004 0.853224 1.325733 0.061229 0.060808 0.010488 0.017517 0.072542 0.059837 0.000000 0.049975 0.017365 0.045616 0.069519 0.042507 0.029244 0.002625 0.016184 0.072388 0.045791 0.022504 0.040392 0.014540 0.015109 0.052543 0.049290 0.029969 0.054178 0.036457 0.064143 0.038704 0.069418 0.016063 0.167522 0.250338 0.465829 0.612664 0.696656 0.832262 0.133693 0.157842 0.374958 0.462294 0.222736 0.325178 0.420006 0.559546 0.676556 0.729756 0.998457 0.545051 0.710558 0.831882 0.911643 1.106697 0.544880 0.603685 0.670395 0.682853 0.804040 0.892759 1.026823 1.160083 0.745667 0.784756 0.896183 1.031630 1.103141 0.887235 0.866751 0.909434 0.978083 1.020019 1.121418 1.185114 1.292312 1.014016 1.051692 1.085178 1.078376 1.146751 1.228431 1.376441 
0.018874 0.048895 0.065604 0.092746 1.034003 0.631077 1.019620 0.958266 0.652669 0.913782 1.387010 0.011297 0.015448 0.040317 0.032836 0.058002 0.010957 0.049975 0.000000 0.064222 0.042180 0.050254 0.022981 0.040102 0.051966 0.058336 0.075864 0.076648 0.066699 0.022896 0.062095 0.041255 0.079727 0.083697 0.052394 0.087299 0.084623 0.102465 0.067474 0.109802 0.059960 0.193203 0.279478 0.506731 0.651052 0.736268 0.872039 0.183621 0.204389 0.429581 0.510396 0.268559 0.386463 0.480742 0.617869 0.731914 0.782281 1.048010 0.606337 0.770536 0.889740 0.967108 1.161602 0.597337 0.661577 0.730579 0.744167 0.864946 0.952729 1.085690 1.217852 0.797397 0.843769 0.957496 1.092560 1.163637 0.937324 0.922023 0.967932 1.037748 1.081242 1.182719 1.246126 1.352833 1.064604 1.106264 1.142736 1.138023 1.207344 1.289638 1.437588 
0.082759 0.031876 0.090071 0.054631 0.976716 0.561312 0.952919 0.885811 0.573936 0.839553 1.309053 0.075489 0.076490 0.027467 0.031633 0.089576 0.073117 0.017365 0.064222 0.000000 0.048144 0.086807 0.059558 0.046322 0.017190 0.007730 0.087341 0.055174 0.028482 0.057423 0.002897 0.023504 0.062633 0.056405 0.045036 0.061378 0.032793 0.067290 0.050104 0.070704 0.025372 0.152098 0.233950 0.444912 0.591944 0.675787 0.811354 0.121594 0.141210 0.354078 0.440990 0.216306 0.309710 0.402053 0.539751 0.655872 0.708661 0.977184 0.529413 0.691770 0.811920 0.891001 1.085955 0.539044 0.593444 0.657409 0.666725 0.786331 0.873968 1.007320 1.140103 0.740049 0.773218 0.880098 1.013956 1.084854 0.882526 0.858556 0.898394 0.965695 1.004651 1.104943 1.167591 1.274053 1.008922 1.043927 1.074985 1.065985 1.132955 1.213109 1.359238 
0.058477 0.016910 0.100457 0.097581 0.982627 0.583629 0.970416 0.912187 0.621162 0.895095 1.359267 0.049791 0.057540 0.043645 0.034773 0.095050 0.044121 0.045616 0.042180 0.048144 0.000000 0.088530 0.056341 0.060400 0.048200 0.040425 0.105941 0.089784 0.068110 0.054790 0.047874 0.030587 0.095693 0.094304 0.068711 0.099052 0.079606 0.109758 0.081543 0.114920 0.061607 0.151331 0.237851 0.456476 0.600074 0.685486 0.821228 0.167088 0.174193 0.387489 0.463000 0.264446 0.363556 0.450170 0.580152 0.689726 0.737323 1.000775 0.582378 0.736294 0.850716 0.924747 1.118485 0.597983 0.651844 0.713809 0.718572 0.834258 0.918204 1.048326 1.178393 0.798963 0.830803 0.931825 1.061766 1.130706 0.941216 0.917538 0.956281 1.022537 1.057641 1.155713 1.215728 1.319879 1.067729 1.102959 1.133316 1.122798 1.188231 1.266090 1.408149 
0.047185 0.088643 0.018341 0.082816 1.081778 0.667406 1.059386 0.990607 0.661720 0.904187 1.388131 0.050860 0.039834 0.060246 0.061432 0.008521 0.056625 0.069519 0.050254 0.086807 0.088530 0.000000 0.032416 0.040661 0.069666 0.084884 0.034263 0.061207 0.070690 0.034208 0.083931 0.072055 0.059073 0.069088 0.046553 0.069971 0.088844 0.086970 0.054957 0.095500 0.067258 0.234084 0.318543 0.550884 0.697368 0.781611 0.917273 0.186730 0.223876 0.457141 0.547240 0.252791 0.387305 0.490176 0.636519 0.757407 0.812786 1.082751 0.605399 0.782901 0.909172 0.992121 1.187612 0.567281 0.642579 0.719525 0.744390 0.871641 0.964783 1.101835 1.237205 0.765159 0.827489 0.956831 1.098647 1.172699 0.902197 0.895737 0.949600 1.023427 1.077408 1.183223 1.251280 1.361559 1.029906 1.078151 1.121310 1.123436 1.197392 1.285237 1.441022 
0.032094 0.056465 0.044674 0.074495 1.043912 0.633665 1.024396 0.958780 0.641670 0.895634 1.373082 0.029793 0.023032 0.032116 0.030381 0.038711 0.032962 0.042507 0.022981 0.059558 0.056341 0.032416 0.000000 0.020714 0.043521 0.055980 0.053255 0.056206 0.052285 0.002147 0.056861 0.041156 0.058276 0.063769 0.032765 0.066827 0.071303 0.082903 0.047265 0.090743 0.046544 0.202374 0.287414 0.514032 0.659872 0.744469 0.880207 0.171777 0.200307 0.427087 0.513179 0.250500 0.371574 0.469663 0.611190 0.728704 0.781722 1.049881 0.591173 0.761098 0.883640 0.963783 1.158848 0.572675 0.640110 0.711799 0.729598 0.853110 0.943263 1.078134 1.211842 0.772310 0.823298 0.942714 1.080578 1.152946 0.911603 0.898547 0.946858 1.018016 1.065289 1.168489 1.233806 1.342053 1.039011 1.082341 1.120755 1.118237 1.189183 1.273538 1.424607 
0.052558 0.054471 0.044736 0.053864 1.033202 0.617523 1.009547 0.940989 0.618066 0.870276 1.348443 0.049154 0.043649 0.021213 0.026397 0.043302 0.050988 0.029244 0.040102 0.046322 0.060400 0.040661 0.020714 0.000000 0.029133 0.045152 0.046216 0.036555 0.032510 0.019345 0.043431 0.035314 0.039854 0.043742 0.012383 0.047214 0.051566 0.062718 0.027395 0.070361 0.027641 0.196145 0.279461 0.501678 0.648543 0.732519 0.868115 0.151901 0.183982 0.407930 0.497354 0.229958 0.346868 0.446127 0.589484 0.708767 0.763343 1.032952 0.566316 0.738063 0.862082 0.943664 1.138992 0.548449 0.614824 0.686405 0.704856 0.829148 0.920165 1.055829 1.190243 0.748362 0.797915 0.917894 1.056532 1.129340 0.888146 0.873777 0.921531 0.992605 1.040218 1.143784 1.209636 1.318393 1.015446 1.057758 1.095572 1.092826 1.163820 1.248431 1.400224 
0.069602 0.035323 0.073081 0.049396 0.997690 0.582132 0.973916 0.906224 0.589955 0.850503 1.323404 0.063185 0.062419 0.011944 0.019792 0.072392 0.061964 0.002625 0.051966 0.017190 0.048200 0.069666 0.043521 0.029133 0.000000 0.017185 0.071287 0.043590 0.019911 0.041431 0.014298 0.017723 0.050451 0.046892 0.028785 0.051801 0.033968 0.061568 0.036734 0.066804 0.013572 0.168343 0.250829 0.465983 0.612957 0.696847 0.832424 0.131655 0.156795 0.373906 0.461871 0.220209 0.322707 0.417945 0.557969 0.675366 0.728870 0.997833 0.542581 0.708675 0.830357 0.910424 1.105534 0.541697 0.600689 0.667611 0.680449 0.801909 0.890872 1.025136 1.158560 0.742477 0.781845 0.893767 1.029487 1.101128 0.884028 0.863642 0.906484 0.975238 1.017497 1.119058 1.182939 1.290291 1.010814 1.048564 1.082170 1.075530 1.144039 1.225900 1.374203 
0.077083 0.024291 0.089705 0.060788 0.977910 0.564989 0.955967 0.890268 0.581663 0.848597 1.317314 0.069511 0.071316 0.024647 0.026535 0.088340 0.066747 0.016184 0.058336 0.007730 0.040425 0.084884 0.055980 0.045152 0.017185 0.000000 0.088457 0.059154 0.033080 0.053833 0.007770 0.017097 0.066385 0.061243 0.045963 0.066233 0.039973 0.073416 0.053155 0.077300 0.028606 0.151338 0.234310 0.446740 0.593342 0.677486 0.813137 0.128903 0.146241 0.359403 0.444522 0.224031 0.318430 0.409869 0.546364 0.661467 0.713435 0.981215 0.538043 0.699091 0.818350 0.896640 1.091431 0.548461 0.602876 0.666570 0.675198 0.794205 0.881271 1.014130 1.146499 0.749460 0.782548 0.888570 1.021833 1.092432 0.891878 0.868040 0.907765 0.974927 1.013322 1.113281 1.175528 1.281639 1.018304 1.053410 1.084411 1.075214 1.141967 1.221785 1.367303 
0.078506 0.100655 0.017184 0.061792 1.081488 0.657726 1.051524 0.976904 0.634217 0.867894 1.355706 0.080059 0.069936 0.066703 0.072596 0.026933 0.084752 0.072388 0.075864 0.087341 0.105941 0.034263 0.053255 0.046216 0.071287 0.088457 0.000000 0.041520 0.062597 0.053932 0.084557 0.081292 0.035811 0.047664 0.042506 0.046298 0.076457 0.061604 0.040328 0.069869 0.062650 0.239425 0.320743 0.548581 0.696470 0.779477 0.914696 0.165746 0.211999 0.442215 0.538606 0.221846 0.357177 0.463704 0.614589 0.739419 0.798140 1.070726 0.573194 0.756823 0.886901 0.973244 1.169103 0.525956 0.603607 0.682963 0.712326 0.842390 0.938158 1.077292 1.214390 0.723461 0.789084 0.924012 1.068766 1.144223 0.860242 0.854863 0.910514 0.985455 1.043133 1.150676 1.220800 1.332743 0.987966 1.036914 1.081359 1.085322 1.160738 1.250578 1.409602 
0.088267 0.078685 0.052917 0.021712 1.033180 0.607069 1.001065 0.925965 0.587329 0.830522 1.313060 0.085552 0.079113 0.046216 0.055714 0.058428 0.087543 0.045791 0.076648 0.055174 0.089784 0.061207 0.056206 0.036555 0.043590 0.059154 0.041520 0.000000 0.026766 0.055258 0.052909 0.059700 0.007640 0.008013 0.024282 0.010667 0.035757 0.027015 0.009189 0.035260 0.030591 0.204691 0.283347 0.499919 0.648170 0.730640 0.865627 0.126320 0.170493 0.391282 0.488168 0.194941 0.312249 0.416096 0.564950 0.688832 0.747221 1.019811 0.530340 0.709089 0.837451 0.922857 1.118662 0.503788 0.572121 0.646146 0.669311 0.796805 0.890775 1.028814 1.165186 0.703584 0.755977 0.881812 1.023709 1.098080 0.843296 0.829633 0.879042 0.951258 1.002703 1.108165 1.176262 1.286861 0.970601 1.013382 1.052358 1.051401 1.123914 1.210642 1.365934 
0.082499 0.054757 0.068953 0.029499 1.004691 0.583086 0.976225 0.904698 0.578179 0.832489 1.308937 0.077382 0.074230 0.027819 0.037600 0.071066 0.077398 0.022504 0.066699 0.028482 0.068110 0.070690 0.052285 0.032510 0.019911 0.033080 0.062597 0.026766 0.000000 0.050531 0.026346 0.037602 0.034310 0.028165 0.024159 0.033155 0.019077 0.041675 0.022850 0.046963 0.007021 0.178601 0.258500 0.471847 0.619677 0.702767 0.838049 0.119530 0.153353 0.370732 0.463432 0.202396 0.307428 0.406243 0.550229 0.670690 0.726575 0.997459 0.527060 0.698245 0.822869 0.905392 1.100889 0.518572 0.579904 0.649022 0.665454 0.789297 0.880331 1.016238 1.150983 0.719211 0.761936 0.878583 1.016703 1.089453 0.860433 0.841507 0.886148 0.955972 1.001328 1.104341 1.169846 1.278508 0.987329 1.026174 1.061191 1.056241 1.126061 1.209617 1.360533 
0.033235 0.054540 0.045935 0.073206 1.041385 0.631031 1.021774 0.956149 0.639318 0.893750 1.370900 0.030416 0.024307 0.029988 0.028273 0.040288 0.033199 0.040392 0.022896 0.057423 0.054790 0.034208 0.002147 0.019345 0.041431 0.053833 0.053932 0.055258 0.050531 0.000000 0.054731 0.039051 0.057584 0.062732 0.031562 0.065905 0.069515 0.081828 0.046244 0.089595 0.044694 0.200379 0.285366 0.511451 0.657321 0.741902 0.877638 0.169975 0.198207 0.424479 0.510546 0.249279 0.369418 0.467306 0.608676 0.726113 0.779098 1.047246 0.589053 0.758683 0.881115 0.961196 1.156252 0.571578 0.638554 0.709967 0.727445 0.850805 0.940852 1.075654 1.209317 0.771298 0.821636 0.940579 1.078284 1.150591 0.910722 0.897265 0.945266 1.016282 1.063237 1.166322 1.231531 1.339703 1.038105 1.081131 1.119273 1.116510 1.187306 1.271498 1.422370 
0.080531 0.031992 0.087185 0.053260 0.980265 0.564784 0.956435 0.889196 0.576486 0.841208 1.311317 0.073381 0.074112 0.024748 0.029363 0.086680 0.071181 0.014540 0.062095 0.002897 0.047874 0.083931 0.056861 0.043431 0.014298 0.007770 0.084557 0.052909 0.026346 0.054731 0.000000 0.021826 0.060312 0.054423 0.042207 0.059407 0.032208 0.065909 0.047597 0.069622 0.022829 0.154870 0.236817 0.448466 0.595496 0.679342 0.814908 0.123049 0.143741 0.357340 0.444476 0.216722 0.311685 0.404570 0.542707 0.659074 0.712004 0.980620 0.531445 0.694486 0.814922 0.894191 1.089176 0.539247 0.594440 0.658924 0.668864 0.788808 0.876687 1.010209 1.143112 0.740230 0.774464 0.882234 1.016428 1.087461 0.882556 0.859195 0.899552 0.967108 1.006644 1.107163 1.170032 1.276655 1.009023 1.044495 1.075991 1.067400 1.134640 1.215096 1.361612 
0.060039 0.019694 0.079553 0.067100 0.993649 0.583909 0.974139 0.909882 0.602545 0.867907 1.337883 0.052415 0.054530 0.014783 0.010779 0.076624 0.049717 0.015109 0.041255 0.023504 0.030587 0.072055 0.041156 0.035314 0.017723 0.017097 0.081292 0.059700 0.037602 0.039051 0.021826 0.000000 0.065996 0.063847 0.040533 0.068650 0.050669 0.079198 0.051877 0.084526 0.031025 0.162095 0.246557 0.463540 0.609476 0.694007 0.829738 0.144869 0.163205 0.379747 0.463331 0.236871 0.338453 0.430714 0.567271 0.681937 0.733331 1.000429 0.558196 0.720060 0.839200 0.917124 1.111811 0.562845 0.620238 0.685514 0.695553 0.815028 0.902242 1.035074 1.167333 0.763696 0.800706 0.908926 1.042655 1.113360 0.905440 0.884104 0.925641 0.993578 1.033409 1.133780 1.196321 1.302566 1.032158 1.069189 1.101783 1.093872 1.161356 1.241863 1.388021 
0.090012 0.085250 0.048794 0.026001 1.042043 0.615062 1.009199 0.933313 0.591790 0.831877 1.316021 0.087997 0.080783 0.052052 0.061225 0.055328 0.090485 0.052543 0.079727 0.062633 0.095693 0.059073 0.058276 0.039854 0.050451 0.066385 0.035811 0.007640 0.034310 0.057584 0.060312 0.065996 0.000000 0.011871 0.028208 0.011058 0.042967 0.027908 0.014156 0.036444 0.037778 0.212328 0.290863 0.508739 0.657051 0.739402 0.874325 0.130415 0.176706 0.398604 0.496345 0.194808 0.315841 0.420851 0.570824 0.695489 0.754451 1.027398 0.533280 0.713940 0.843213 0.929311 1.125167 0.501476 0.571900 0.647311 0.672335 0.800763 0.895478 1.034040 1.170807 0.700909 0.756210 0.884599 1.027485 1.102274 0.840104 0.828081 0.878904 0.951799 1.004954 1.111071 1.179858 1.290960 0.967514 1.011511 1.051673 1.051885 1.125158 1.212764 1.369236 
0.095861 0.082214 0.060133 0.014277 1.028649 0.600753 0.994969 0.918779 0.578066 0.820691 1.303367 0.092883 0.086747 0.051186 0.060964 0.066064 0.094633 0.049290 0.083697 0.056405 0.094304 0.069088 0.063769 0.043742 0.046892 0.061243 0.047664 0.008013 0.028165 0.062732 0.054423 0.063847 0.011871 0.000000 0.031362 0.004991 0.032517 0.019171 0.016504 0.027300 0.033383 0.203405 0.280826 0.495291 0.643706 0.725842 0.860664 0.118947 0.164930 0.384071 0.482157 0.187075 0.302683 0.406953 0.556442 0.680940 0.739902 1.012916 0.520637 0.699998 0.828872 0.914790 1.110639 0.494782 0.562455 0.636321 0.659626 0.787362 0.881619 1.019916 1.156519 0.694728 0.746232 0.872087 1.014211 1.088721 0.834696 0.820313 0.869355 0.941474 0.992909 1.098462 1.166714 1.277469 0.961940 1.004172 1.042783 1.041622 1.114085 1.200839 1.356313 
0.064794 0.060227 0.045741 0.041763 1.031328 0.612058 1.004859 0.934168 0.606330 0.856076 1.335456 0.061537 0.055794 0.025798 0.033939 0.047040 0.063310 0.029969 0.052394 0.045036 0.068711 0.046553 0.032765 0.012383 0.028785 0.045963 0.042506 0.024282 0.024159 0.031562 0.042207 0.040533 0.028208 0.031362 0.000000 0.034913 0.042444 0.050343 0.015094 0.058037 0.021552 0.196998 0.278905 0.498991 0.646422 0.729934 0.865374 0.141830 0.177488 0.400322 0.492217 0.217739 0.333913 0.434521 0.579582 0.700327 0.756123 1.026754 0.553084 0.726877 0.852233 0.935014 1.130523 0.533259 0.599913 0.672065 0.691770 0.816991 0.908889 1.045285 1.180312 0.733191 0.783178 0.904684 1.044262 1.117533 0.873041 0.858615 0.906675 0.978013 1.026622 1.130720 1.197218 1.306520 1.000323 1.042573 1.080567 1.078219 1.149593 1.234770 1.387552 
0.098862 0.087123 0.059808 0.015870 1.032976 0.604059 0.998401 0.921412 0.578288 0.818761 1.302500 0.096215 0.089691 0.055783 0.065490 0.066374 0.098200 0.054178 0.087299 0.061378 0.099052 0.069971 0.066827 0.047214 0.051801 0.066233 0.046298 0.010667 0.033155 0.065905 0.059407 0.068650 0.011058 0.004991 0.034913 0.000000 0.036696 0.017060 0.019825 0.025556 0.038320 0.207899 0.284903 0.499599 0.648082 0.730045 0.864773 0.119560 0.167411 0.386733 0.485678 0.184695 0.302274 0.407411 0.557786 0.682949 0.742430 1.015777 0.519757 0.700513 0.830107 0.916607 1.112495 0.490720 0.559553 0.634265 0.658804 0.787204 0.882015 1.020715 1.157631 0.690499 0.743607 0.871101 1.013919 1.088732 0.830221 0.816674 0.866513 0.939039 0.991562 1.097557 1.166292 1.277409 0.957520 1.000369 1.039630 1.039155 1.112087 1.199406 1.355682 
0.101069 0.064156 0.085261 0.024631 0.989343 0.563984 0.957719 0.884176 0.554818 0.809988 1.285612 0.095556 0.092993 0.044573 0.053614 0.088487 0.095081 0.036457 0.084623 0.032793 0.079606 0.088844 0.071303 0.051566 0.033968 0.039973 0.076457 0.035757 0.019077 0.069515 0.032208 0.050669 0.042967 0.032517 0.042444 0.036696 0.000000 0.036725 0.036457 0.038643 0.024981 0.171408 0.248309 0.456061 0.604343 0.686770 0.821760 0.100477 0.136284 0.349769 0.444801 0.186311 0.284151 0.382900 0.527541 0.648921 0.705756 0.977474 0.503850 0.675011 0.800194 0.883443 1.079050 0.500755 0.559052 0.626760 0.642175 0.765895 0.857072 0.993232 1.128257 0.701651 0.740426 0.855338 0.993298 1.066085 0.843634 0.822076 0.864944 0.934073 0.978267 1.081040 1.146443 1.255132 0.970241 1.007082 1.040516 1.034358 1.103556 1.186588 1.337149 
0.114997 0.096252 0.076144 0.012658 1.023547 0.590977 0.985610 0.906281 0.558665 0.797830 1.281868 0.111868 0.105899 0.067927 0.077869 0.083141 0.113419 0.064143 0.102465 0.067290 0.109758 0.086970 0.082903 0.062718 0.061568 0.073416 0.061604 0.027015 0.041675 0.081828 0.065909 0.079198 0.027908 0.019171 0.050343 0.017060 0.036725 0.000000 0.035658 0.008538 0.048188 0.206261 0.280299 0.490314 0.638993 0.720177 0.854477 0.104473 0.156554 0.371908 0.473384 0.167930 0.282045 0.388133 0.539875 0.666353 0.727068 1.001251 0.499137 0.681251 0.811949 0.899556 1.095505 0.471624 0.538978 0.613344 0.638212 0.767143 0.862579 1.001830 1.139234 0.671728 0.722862 0.850407 0.993721 1.068833 0.812013 0.796872 0.845898 0.918212 0.970715 1.076905 1.145978 1.257430 0.939172 0.980809 1.019265 1.018340 1.091161 1.178533 1.335203 
0.079357 0.071215 0.049038 0.028466 1.032230 0.608644 1.002251 0.928822 0.594300 0.840082 1.321402 0.076462 0.070244 0.037900 0.047139 0.053213 0.078377 0.038704 0.067474 0.050104 0.081543 0.054957 0.047265 0.027395 0.036734 0.053155 0.040328 0.009189 0.022850 0.046244 0.047597 0.051877 0.014156 0.016504 0.015094 0.019825 0.036457 0.035658 0.000000 0.043646 0.024771 0.201357 0.281309 0.499211 0.647200 0.730081 0.865262 0.131783 0.172656 0.394320 0.489344 0.203485 0.320190 0.422798 0.570218 0.692916 0.750321 1.022197 0.538769 0.715607 0.842822 0.927228 1.122935 0.514914 0.582560 0.655842 0.677645 0.804264 0.897438 1.034853 1.170715 0.714769 0.766186 0.890323 1.031325 1.105274 0.854543 0.840558 0.889426 0.961296 1.011628 1.116563 1.184041 1.294142 0.981837 1.024394 1.062974 1.061465 1.133532 1.219656 1.373975 
0.122817 0.100765 0.084611 0.017575 1.017844 0.583634 0.978340 0.897958 0.548496 0.787447 1.271405 0.119433 0.113770 0.074085 0.084030 0.091672 0.120758 0.069418 0.109802 0.070704 0.114920 0.095500 0.090743 0.070361 0.066804 0.077300 0.069869 0.035260 0.046963 0.089595 0.069622 0.084526 0.036444 0.027300 0.058037 0.025556 0.038643 0.008538 0.043646 0.000000 0.053776 0.204932 0.277359 0.484809 0.633524 0.714314 0.848387 0.096669 0.150733 0.363833 0.466449 0.159841 0.271688 0.378104 0.530381 0.657407 0.718659 0.993192 0.488677 0.671208 0.802333 0.890395 1.086362 0.462741 0.529013 0.602993 0.627757 0.756824 0.852468 0.991921 1.129511 0.663033 0.712738 0.839938 0.983360 1.058561 0.803660 0.787480 0.835891 0.907998 0.960245 1.066440 1.135583 1.247132 0.930723 0.971577 1.009459 1.008140 1.080797 1.168070 1.324769 
0.076107 0.048855 0.067267 0.036241 1.005237 0.585702 0.978428 0.908170 0.584657 0.840463 1.316137 0.070753 0.068015 0.020800 0.030584 0.068408 0.070591 0.016063 0.059960 0.025372 0.061607 0.067258 0.046544 0.027641 0.013572 0.028606 0.062650 0.030591 0.007021 0.044694 0.022829 0.031025 0.037778 0.033383 0.021552 0.038320 0.024981 0.048188 0.024771 0.053776 0.000000 0.177144 0.258105 0.472732 0.620285 0.703677 0.839080 0.125315 0.156668 0.374629 0.465813 0.209366 0.314741 0.412668 0.555572 0.675132 0.730277 1.000562 0.534473 0.704372 0.828171 0.909966 1.105357 0.527184 0.588345 0.657101 0.672755 0.796014 0.886502 1.021959 1.156331 0.727816 0.770251 0.885941 1.023476 1.095939 0.869009 0.850093 0.894531 0.964183 1.008916 1.111596 1.176703 1.285029 0.995917 1.034775 1.069664 1.064458 1.134035 1.217236 1.367539 
0.209745 0.146117 0.240874 0.195478 0.796979 0.409263 0.788713 0.740399 0.511486 0.826041 1.249839 0.201083 0.208648 0.175011 0.172655 0.238665 0.195232 0.167522 0.193203 0.152098 0.151331 0.234084 0.202374 0.196145 0.168343 0.151338 0.239425 0.204691 0.178601 0.200379 0.154870 0.162095 0.212328 0.203405 0.196998 0.207899 0.171408 0.206261 0.201357 0.204932 0.177144 0.000000 0.086836 0.272952 0.414659 0.500339 0.635991 0.172985 0.116249 0.244724 0.290689 0.283635 0.313225 0.355666 0.446331 0.534515 0.570761 0.824862 0.505243 0.611667 0.705244 0.766027 0.955857 0.611623 0.625151 0.657904 0.628567 0.721117 0.788812 0.906756 1.028243 0.806742 0.784871 0.835691 0.944305 1.004558 0.953126 0.900084 0.911766 0.963500 0.966948 1.051051 1.097980 1.191996 1.074168 1.085700 1.093406 1.061895 1.112106 1.172797 1.292230 
0.296323 0.231693 0.323903 0.270946 0.691376 0.309721 0.683104 0.640430 0.459895 0.792136 1.185876 0.287641 0.294921 0.258643 0.257277 0.322554 0.281869 0.250338 0.279478 0.233950 0.237851 0.318543 0.287414 0.279461 0.250829 0.234310 0.320743 0.283347 0.258500 0.285366 0.236817 0.246557 0.290863 0.280826 0.278905 0.284903 0.248309 0.280299 0.281309 0.277359 0.258105 0.086836 0.000000 0.167120 0.308260 0.393825 0.529508 0.221024 0.149648 0.187127 0.195777 0.319702 0.304298 0.326172 0.379336 0.448060 0.475364 0.722202 0.476794 0.545938 0.623158 0.674379 0.860738 0.633205 0.623023 0.636677 0.586224 0.660829 0.716505 0.825217 0.940507 0.819051 0.766162 0.784438 0.877890 0.932051 0.964848 0.895872 0.891268 0.933340 0.917187 0.991607 1.029979 1.117111 1.080952 1.078658 1.072936 1.029236 1.069623 1.119256 1.224067 
0.528102 0.447191 0.555036 0.481070 0.434737 0.126787 0.420562 0.390736 0.324536 0.604634 0.878728 0.517426 0.525584 0.476970 0.476764 0.554795 0.510608 0.465829 0.506731 0.444912 0.456476 0.550884 0.514032 0.501678 0.465983 0.446740 0.548581 0.499919 0.471847 0.511451 0.448466 0.463540 0.508739 0.495291 0.498991 0.499599 0.456061 0.490314 0.499211 0.484809 0.472732 0.272952 0.167120 0.000000 0.121215 0.188235 0.298673 0.391968 0.304965 0.148776 0.067875 0.483587 0.304663 0.263901 0.241754 0.258359 0.264472 0.454214 0.370313 0.367461 0.402568 0.429371 0.575326 0.551811 0.514875 0.500593 0.432920 0.464706 0.491042 0.564739 0.649343 0.685751 0.604531 0.574744 0.627930 0.662960 0.800513 0.725543 0.700756 0.721363 0.682151 0.728494 0.747772 0.808881 0.886859 0.867354 0.845384 0.794463 0.813738 0.838863 0.904061 
0.671816 0.592100 0.702338 0.629635 0.313825 0.119955 0.314650 0.313524 0.373531 0.644280 0.862480 0.661162 0.669989 0.623500 0.622689 0.701659 0.654084 0.612664 0.651052 0.591944 0.600074 0.697368 0.659872 0.648543 0.612957 0.593342 0.696470 0.648170 0.619677 0.657321 0.595496 0.609476 0.657051 0.643706 0.646422 0.648082 0.604343 0.638993 0.647200 0.633524 0.620285 0.414659 0.308260 0.121215 0.000000 0.070443 0.180502 0.539281 0.453142 0.254407 0.156198 0.623270 0.411301 0.353358 0.286535 0.249437 0.221741 0.362877 0.440182 0.384632 0.379360 0.377676 0.505440 0.646208 0.593961 0.562884 0.477504 0.478500 0.480121 0.529012 0.595537 0.767174 0.661598 0.592955 0.618043 0.640165 0.877284 0.790790 0.750451 0.758900 0.695760 0.725071 0.729313 0.775953 0.956720 0.924571 0.889046 0.825697 0.831512 0.840074 0.880158 
0.757229 0.677078 0.785970 0.711359 0.247660 0.143351 0.246048 0.259873 0.392154 0.650277 0.833741 0.746564 0.755185 0.707697 0.707230 0.785645 0.739556 0.696656 0.736268 0.675787 0.685486 0.781611 0.744469 0.732519 0.696847 0.677486 0.779477 0.730640 0.702767 0.741902 0.679342 0.694007 0.739402 0.725842 0.729934 0.730045 0.686770 0.720177 0.730081 0.714314 0.703677 0.500339 0.393825 0.188235 0.070443 0.000000 0.110667 0.616159 0.531879 0.308794 0.210699 0.691638 0.462564 0.395408 0.307849 0.243676 0.197446 0.300231 0.468357 0.384598 0.355781 0.337094 0.451786 0.686289 0.624660 0.583797 0.489929 0.473015 0.460217 0.493679 0.549199 0.797498 0.677774 0.587287 0.595728 0.610210 0.903725 0.810539 0.761042 0.762096 0.685731 0.704890 0.700630 0.738872 0.978151 0.938209 0.894648 0.824443 0.822316 0.821291 0.847101 
0.892973 0.812855 0.921441 0.845971 0.142085 0.233353 0.152428 0.215974 0.457618 0.691850 0.817430 0.882311 0.890957 0.843357 0.842962 0.921235 0.875287 0.832262 0.872039 0.811354 0.821228 0.917273 0.880207 0.868115 0.832424 0.813137 0.914696 0.865627 0.838049 0.877638 0.814908 0.829738 0.874325 0.860664 0.865374 0.864773 0.821760 0.854477 0.865262 0.848387 0.839080 0.635991 0.529508 0.298673 0.180502 0.110667 0.000000 0.747794 0.664994 0.411465 0.315470 0.815989 0.560661 0.485919 0.380446 0.289680 0.224329 0.226520 0.542499 0.426598 0.363907 0.315276 0.394897 0.770650 0.698818 0.646625 0.544206 0.503093 0.468392 0.473308 0.505294 0.869218 0.732777 0.613362 0.595100 0.595978 0.969598 0.868511 0.807181 0.797714 0.702835 0.705289 0.686609 0.708999 1.036837 0.986569 0.932034 0.852611 0.838392 0.822029 0.822973 
0.200951 0.150211 0.179080 0.104700 0.919806 0.474740 0.868936 0.782664 0.432624 0.690474 1.162393 0.194825 0.193192 0.143381 0.151102 0.184671 0.193502 0.133693 0.183621 0.121594 0.167088 0.186730 0.171777 0.151901 0.131655 0.128903 0.165746 0.126320 0.119530 0.169975 0.123049 0.144869 0.130415 0.118947 0.141830 0.119560 0.100477 0.104473 0.131783 0.096669 0.125315 0.172985 0.221024 0.391968 0.539281 0.616159 0.747794 0.000000 0.072734 0.251275 0.361428 0.112670 0.161197 0.261154 0.411779 0.539776 0.603108 0.879136 0.381065 0.554108 0.683773 0.772166 0.968152 0.410945 0.449710 0.508814 0.519100 0.642981 0.735829 0.874036 1.011088 0.610618 0.626394 0.732358 0.870264 0.943680 0.755822 0.719481 0.752297 0.817564 0.855994 0.957880 1.023289 1.132608 0.880071 0.905668 0.930377 0.917816 0.983819 1.064413 1.213883 
