0.000000       0.015575       0.000771       1.563611       1.009147       1.063534       1.096016       0.013932       2.812075       0.006535       3.096541       0.701073       0.764566       1.000630       0.855256       2.876478       2.600484       1.425298       4.237591       2.548527       1.016077       3.165758       1.325683       3.758221       4.537206       1.445549       4.397426       2.253113       1.198593       3.951992       2.730932       3.540618       3.641741       2.470678       5.285678       7.888252       12.544850      16.927604      19.566904      22.866111      25.719869      4.548606       5.265882       9.861166       12.591818      16.142654      26.249492      6.754694       8.382262       11.074484      15.393699      19.078743      20.598210      25.258304      26.945644      14.867968      16.554209      20.101882      23.468533      25.276241      28.621563      13.954355      16.333486      18.650329      19.097315      22.851614      25.256070      28.260678      30.320257      19.796437      22.277699      24.073305      25.236732      29.196048      30.831253      23.375919      23.705348      25.554161      27.438671      28.365877      31.005957      32.360835      32.888063      26.061997      27.269401      28.370258      29.170987      30.184532      31.656662      33.329954      33.586535      0.085603       2.260202       2.091781       19.771395      23.640393      10.901294      12.387004      20.642743      31.596870      
0.015575       0.000000       0.027187       1.650512       1.304859       1.136055       1.635254       0.000000       3.014143       0.019748       3.485123       0.924171       1.196628       1.085977       1.111810       3.108213       2.852330       2.059915       4.740694       2.963585       1.096790       3.513169       1.461042       4.299030       5.088329       1.813646       4.970644       2.846489       1.786283       4.577287       3.201534       4.124273       4.292292       2.808188       5.833052       8.289820       13.198828      17.885536      20.625614      24.019775      26.865623      5.072196       5.730640       10.329397      13.233148      17.040340      27.379131      7.137130       8.763227       11.646032      16.254087      20.110276      21.679324      26.393818      28.057058      15.715282      17.473670      21.165777      24.594669      26.405830      29.658626      14.823747      17.298006      19.689548      20.142154      23.968532      26.378956      29.334785      31.301492      20.925460      23.401115      25.206273      26.362199      30.260503      31.843874      24.535709      24.854677      26.686912      28.544177      29.441260      32.003689      33.302515      33.737838      27.173027      28.350140      29.419950      30.217575      31.174327      32.569240      34.154047      34.365570      0.250867       2.879476       2.776977       20.827088      24.776577      11.526795      13.093849      21.753134      32.517421      
0.000771       0.027187       0.000000       1.278867       0.955450       0.885992       0.907217       0.010123       2.542137       0.014166       2.918619       0.686027       0.629523       0.768116       0.653322       2.600074       2.352256       1.301388       3.750080       2.241024       0.737334       2.954973       1.135913       3.321419       4.138664       1.190422       4.023656       2.111541       1.030848       3.753329       2.349442       3.250094       3.553101       2.151929       6.214228       9.300184       14.303282      18.902482      21.608186      24.935164      27.680137      5.210274       6.144803       11.409303      14.320946      18.053105      28.216947      7.913868       9.737563       12.672910      17.226164      21.054542      22.617488      27.266025      28.879463      16.649431      18.408929      22.073709      25.482020      27.268283      30.408752      15.725125      18.170887      20.564814      21.034662      24.847638      27.237294      30.133559      32.018564      21.788415      24.254293      26.054870      27.207882      31.052448      32.596919      25.389599      25.698168      27.517497      29.352892      30.235223      32.744206      34.003924      34.366536      27.991983      29.142287      30.188583      30.983458      31.902601      33.245473      34.762973      34.938182      0.069117       2.037309       2.207601       21.798081      25.692262      12.477449      14.049066      22.608395      33.194313      
1.563611       1.650512       1.278867       0.000000       0.224530       0.000000       1.882197       1.340392       0.124140       0.802910       0.556580       0.440033       1.590263       1.157084       0.116817       0.095534       0.158039       1.480342       1.448197       0.184495       1.132483       0.611440       0.004347       1.427901       1.858029       0.188359       1.875431       0.454971       1.730315       1.931326       0.690187       1.259671       1.984013       0.141081       7.810749       13.067566      20.633510      26.244140      28.954305      31.864889      33.707075      5.408103       7.120573       16.364132      20.567997      25.244813      34.307959      10.595359      13.571923      18.230982      24.230150      28.338829      29.833400      33.723189      34.794063      23.442784      25.463812      29.260264      32.290186      33.676305      35.615856      22.486526      25.214823      27.689848      28.211863      31.728685      33.685868      35.770424      36.823948      28.894767      31.160106      32.696347      33.633208      36.617168      37.684180      31.997610      32.326994      33.876187      35.311934      35.901980      37.722166      38.558930      38.322933      33.932385      34.807121      35.590729      36.354829      36.832423      37.633395      38.595243      38.511227      1.259916       1.234742       1.864820       29.113245      32.505224      18.093615      20.203195      29.644605      37.588796      
1.009147       1.304859       0.955450       0.224530       0.000000       0.110597       1.720730       0.941817       0.974516       0.611412       0.750916       0.000000       1.341045       1.320196       0.456834       0.954549       0.226702       0.987769       2.649950       0.739626       1.292919       0.772959       0.075619       2.283590       2.785005       0.654448       2.642631       0.427753       1.425669       1.885258       1.462854       1.515175       1.572515       0.706481       3.093276       6.874124       13.416929      18.956994      21.908157      25.503264      28.458016      2.243094       2.991204       9.778325       13.403382      17.952390      28.844719      5.734256       7.795179       11.555882      17.070412      21.308649      22.978028      27.807612      29.485475      16.470361      18.396429      22.431492      25.967745      27.800859      31.045884      15.758579      18.381285      20.916687      21.381080      25.308272      27.715434      30.633178      32.590476      22.363358      24.755778      26.571712      27.707713      31.504290      33.041844      26.018546      26.282239      28.052713      29.871949      30.713583      33.188699      34.451399      34.916245      28.623815      29.756564      30.773276      31.520704      32.440546      33.780342      35.368114      35.593814      0.594815       1.168257       0.204684       22.076619      26.203094      11.758752      13.522237      23.098270      33.743568      
1.063534       1.136055       0.885992       0.000000       0.110597       0.000000       1.624098       0.902556       0.378864       0.511518       0.695005       0.255241       1.333459       0.986768       0.104061       0.316294       0.196102       1.242288       1.791881       0.341669       0.978381       0.733004       0.002355       1.647968       2.176850       0.231677       2.144245       0.500767       1.471756       1.992257       0.879632       1.382926       1.948983       0.258856       6.535211       11.689724      19.554471      25.346643      28.093914      31.021638      32.933766      4.654788       6.100561       15.208847      19.509136      24.330550      33.502488      9.570018       12.488847      17.222489      23.327601      27.469718      28.967075      32.876012      33.995033      22.567891      24.604479      28.398648      31.419533      32.823318      34.892142      21.649623      24.381102      26.859467      27.368605      30.856613      32.822071      34.975678      36.149831      28.026351      30.297477      31.820694      32.762553      35.821629      36.953626      31.088995      31.438399      33.002170      34.463245      35.087000      37.000678      37.908313      37.783261      33.055403      33.967832      34.791624      35.567359      36.111758      37.007005      38.075658      38.042765      0.899860       1.169100       1.373140       28.247774      31.653468      17.174511      19.305051      28.790317      36.976621      
1.096016       1.635254       0.907217       1.882197       1.720730       1.624098       0.000000       1.438957       3.003539       1.030766       3.197516       1.559465       0.000000       1.248462       0.513613       2.933024       2.946672       0.100965       1.930821       1.798494       1.271347       3.278432       1.955924       1.504446       2.386715       0.691351       2.229486       1.425140       0.013194       2.097924       1.135635       1.764341       1.962892       1.947286       4.346145       6.968695       12.497085      17.745166      20.784433      24.447392      27.401301      3.222459       4.019030       9.156722       12.513579      16.800216      27.970826      5.243314       7.187829       10.512521      15.795236      20.133354      21.892347      26.937903      28.668579      15.018993      17.060151      21.207620      24.977359      26.932642      30.286195      13.963671      16.721243      19.431412      20.017190      24.230150      26.830810      29.931556      31.932218      20.908887      23.472889      25.484196      26.766504      30.830876      32.452095      24.925123      25.140339      27.044360      29.012353      29.979370      32.600673      33.911787      34.334349      27.787914      28.962898      30.031155      30.796045      31.792157      33.192045      34.755683      34.946422      0.229667       0.590747       2.211817       21.003859      25.261222      10.147253      12.010277      21.669382      33.136825      
0.013932       0.000000       0.010123       1.340392       0.941817       0.902556       1.438957       0.000000       2.617673       0.005400       2.948362       0.651375       1.046969       1.064526       0.893106       2.699892       2.345265       1.615862       4.283945       2.472406       1.071967       2.993372       1.133823       3.825804       4.558426       1.498297       4.421539       2.214949       1.488361       3.912255       2.791062       3.506139       3.587507       2.363672       5.164189       7.847922       12.877415      17.689100      20.477582      23.916270      26.777644      4.433628       5.144334       9.979905       12.925446      16.820787      27.279360      6.762188       8.421254       11.351379      16.048571      19.968252      21.553605      26.291479      27.955015      15.520318      17.299114      21.047999      24.494497      26.305153      29.555492      14.657920      17.157374      19.576795      20.024584      23.872453      26.280983      29.228339      31.194071      20.843325      23.319518      25.122207      26.270468      30.153829      31.732226      24.456192      24.777438      26.603180      28.451280      29.339180      31.892576      33.189819      33.632721      27.077192      28.251169      29.317623      30.114745      31.066687      32.460408      34.052544      34.270225      0.174125       2.366255       2.065304       20.680932      24.666790      11.282497      12.860533      21.668597      32.409551      
2.812075       3.014143       2.542137       0.124140       0.974516       0.378864       3.003539       2.617673       0.000000       2.005856       0.458263       1.354750       2.691004       2.325837       0.819202       0.000000       0.312079       2.418166       2.243894       0.459911       2.259314       0.430066       0.289682       2.257916       2.609877       0.840167       2.628939       1.034728       2.776210       2.592856       1.453151       1.968778       2.626090       0.230956       8.091715       13.159829      19.896040      25.130902      27.836417      30.895825      33.016667      5.699301       7.347089       16.077874      19.827182      24.152137      33.567225      10.827842      13.552270      17.662680      23.159131      27.207242      28.737114      32.867881      34.094000      22.383151      24.330810      28.145214      31.319876      32.830353      35.100787      21.451284      24.090130      26.556105      27.080935      30.718171      32.804541      35.107499      36.380726      27.842170      30.129357      31.762411      32.762517      35.954302      37.132629      31.140825      31.426505      33.030709      34.573810      35.226115      37.198926      38.129485      38.053518      33.276753      34.207695      35.038138      35.781718      36.365034      37.280669      38.375027      38.354357      2.327479       2.106766       2.526379       27.991613      31.551045      17.461875      19.381018      28.570061      37.228349      
0.006535       0.019748       0.014166       0.802910       0.611412       0.511518       1.030766       0.005400       2.005856       0.000000       2.379637       0.409139       0.727497       0.688864       0.484481       2.074836       1.697723       1.195513       3.395035       1.781237       0.698959       2.394243       0.689735       3.002158       3.768087       0.954010       3.662990       1.730231       1.071413       3.366062       2.045282       2.857195       3.186579       1.674526       6.005298       9.508649       15.312986      20.434093      23.262434      26.625129      29.219761      4.951909       5.936904       12.009430      15.315860      19.489812      29.744260      8.061796       10.124401      13.522974      18.622789      22.677467      24.274946      28.855647      30.359945      18.010441      19.883855      23.723989      27.124156      28.843904      31.715394      17.151483      19.724864      22.205124      22.673672      26.498889      28.816454      31.535101      33.220270      23.497797      25.928550      27.681419      28.785472      32.434371      33.863571      27.011952      27.330339      29.089730      30.829598      31.639720      33.980391      35.137060      35.351208      29.441129      30.528066      31.514014      32.309709      33.117478      34.327548      35.709936      35.822393      0.082128       1.806504       1.821617       23.441422      27.341057      13.459979      15.187322      24.296500      34.290949      
3.096541       3.485123       2.918619       0.556580       0.750916       0.695005       3.197516       2.948362       0.458263       2.379637       0.000000       1.214658       2.849849       2.642159       1.298918       0.452969       0.027898       2.370304       2.657528       0.701224       2.573075       0.000000       0.410176       2.556644       2.913453       1.288987       2.867174       0.876565       2.868634       2.479637       1.825853       1.974662       2.408502       0.562598       5.788418       9.780664       16.254300      21.611464      24.430824      27.846457      30.601374      4.122785       5.226206       12.475498      16.166656      20.583241      31.012501      7.873672       10.185502      14.099303      19.568376      23.743817      25.377953      30.033779      31.622183      18.852444      20.770588      24.751969      28.220119      30.004178      33.061739      18.077828      20.661570      23.155582      23.663099      27.534884      29.890903      32.703537      34.527691      24.618181      26.926888      28.733216      29.863105      33.547264      35.009877      28.259940      28.464762      30.184924      31.967277      32.774934      35.141302      36.324097      36.671349      30.831213      31.902513      32.858829      33.567131      34.423010      35.653312      37.112900      37.270309      2.342062       2.153314       1.938285       24.568868      28.516654      14.084086      15.907625      25.300483      35.596262      
0.701073       0.924171       0.686027       0.440033       0.000000       0.255241       1.559465       0.651375       1.354750       0.409139       1.214658       0.000000       1.191160       1.271286       0.551333       1.389258       0.586710       0.837666       3.094337       1.068514       1.254071       1.280876       0.198623       2.643312       3.141906       0.827717       2.963325       0.516878       1.262366       2.050178       1.787505       1.775649       1.601755       1.057941       2.163484       5.137995       11.075503      16.670376      19.800175      23.673611      26.858956      1.619724       2.163231       7.754013       11.103707      15.672237      27.247398      4.311240       6.081919       9.453451       14.847610      19.252185      21.003920      26.146957      27.928206      14.321219      16.261940      20.488911      24.230242      26.167326      29.596656      13.612335      16.309561      18.963782      19.417479      23.562885      26.099703      29.158335      31.201656      20.538420      23.029859      24.940538      26.119954      30.061572      31.653106      24.407000      24.670712      26.506296      28.393817      29.266759      31.820074      33.121475      33.631493      27.121532      28.293445      29.344039      30.105961      31.062513      32.452195      34.088621      34.340685      0.406016       1.217181       0.100528       20.005048      24.419324      9.654022       11.382323      21.296808      32.406400      
0.764566       1.196628       0.629523       1.590263       1.341045       1.333459       0.000000       1.046969       2.691004       0.727497       2.849849       1.191160       0.000000       1.084567       0.415243       2.638062       2.559130       0.083132       1.957787       1.592483       1.082885       2.931165       1.602474       1.530379       2.372384       0.598764       2.208217       1.185151       0.010201       1.983629       1.099637       1.647767       1.808010       1.724813       4.415714       7.461370       13.315225      18.587133      21.574627      25.117391      27.922632      3.145467       4.109019       9.879391       13.337710      17.654826      28.500429      5.620530       7.811124       11.333101      16.676104      20.948601      22.658791      27.528524      29.174043      15.925094      17.945584      22.009523      25.651278      27.521293      30.702430      14.896640      17.632462      20.300354      20.856610      24.945310      27.448119      30.417276      32.310739      21.720391      24.239814      26.166001      27.391281      31.319463      32.879524      25.579223      25.819988      27.674158      29.566460      30.484467      33.018246      34.281224      34.633634      28.302694      29.441700      30.479820      31.252399      32.189225      33.530614      35.034457      35.198128      0.133626       0.575235       1.814564       21.790473      25.913080      11.003634      12.901629      22.483809      33.476637      
1.000630       1.085977       0.768116       1.157084       1.320196       0.986768       1.248462       1.064526       2.325837       0.688864       2.642159       1.271286       1.084567       0.000000       0.500159       2.331428       2.014513       1.297419       2.580804       1.699110       0.000000       2.663090       1.281829       2.297258       2.981277       1.037392       2.870025       1.582468       1.273046       2.644228       1.742040       2.226600       2.498011       1.687951       6.064073       10.774147      18.355907      24.180050      27.064191      30.191963      32.235431      4.453882       5.783505       14.114877      18.326004      23.128666      32.853803      8.498059       11.438203      15.977908      22.081879      26.403786      27.998891      32.188626      33.383205      21.299483      23.406428      27.396260      30.641925      32.152891      34.342372      20.320028      23.161447      25.796105      26.310877      30.052316      32.164500      34.450239      35.652311      27.138604      29.483273      31.121270      32.121277      35.331486      36.501194      30.472068      30.776912      32.400680      33.932790      34.589180      36.561234      37.479453      37.319271      32.546683      33.468674      34.304502      35.088587      35.645942      36.548948      37.590065      37.537029      0.838526       1.579552       2.039890       27.228520      30.869887      15.778903      17.961620      27.884307      36.503870      
0.855256       1.111810       0.653322       0.116817       0.456834       0.104061       0.513613       0.893106       0.819202       0.484481       1.298918       0.551333       0.415243       0.500159       0.000000       0.812577       0.645628       0.339968       0.665402       0.194340       0.550163       1.289038       0.200097       0.548358       1.043842       0.000000       0.998127       0.333825       0.434706       1.122090       0.220165       0.697693       1.118854       0.207695       6.584543       12.059875      20.616304      26.953084      29.901139      32.843008      34.379742      4.039764       5.811970       15.687857      20.521036      25.842951      35.090452      8.964846       12.403001      17.764899      24.683814      29.264653      30.852101      34.666543      35.546441      23.766663      26.083810      30.274173      33.357223      34.632847      36.140828      22.721385      25.833502      28.610244      29.177587      32.839643      34.716944      36.529757      37.260656      30.029796      32.307736      33.821238      34.691005      37.400685      38.295944      33.171156      33.485464      34.961122      36.258667      36.732528      38.308861      38.992483      38.522217      34.863461      35.619630      36.298899      37.064952      37.365563      37.974988      38.737443      38.566231      0.405079       0.311821       1.604750       30.079393      33.505360      17.499397      19.995228      30.751247      37.912530      
2.876478       3.108213       2.600074       0.095534       0.954549       0.316294       2.933024       2.699892       0.000000       2.074836       0.452969       1.389258       2.638062       2.331428       0.812577       0.000000       0.279492       2.310202       2.095757       0.509098       2.261393       0.432833       0.230419       2.105843       2.432772       0.842771       2.443139       1.013105       2.688681       2.389012       1.394297       1.828502       2.432453       0.269128       8.072324       13.213518      20.025617      25.251341      27.940839      30.974780      33.066840      5.536836       7.256284       16.160178      19.950449      24.274065      33.626022      10.785743      13.577664      17.753055      23.255337      27.306491      28.837486      32.940455      34.151892      22.489394      24.426837      28.247753      31.407532      32.904825      35.148487      21.553723      24.186773      26.660085      27.185379      30.811532      32.884732      35.166970      36.423520      27.950772      30.226753      31.852883      32.845905      36.014943      37.182329      31.240446      31.521671      33.116346      34.648941      35.292089      37.248765      38.170311      38.085841      33.360939      34.282778      35.104800      35.844534      36.418131      37.322646      38.408496      38.385021      2.320471       1.975868       2.530624       28.096398      31.630539      17.541167      19.474985      28.672526      37.265723      
2.600484       2.852330       2.352256       0.158039       0.226702       0.196102       2.946672       2.345265       0.312079       1.697723       0.027898       0.586710       2.559130       2.014513       0.645628       0.279492       0.000000       2.142674       2.224264       0.327226       1.928853       0.027450       0.098605       2.172404       2.504942       0.679176       2.504537       0.367675       2.644026       2.158382       1.272979       1.483952       2.111681       0.267747       6.093296       10.203086      16.494774      21.702568      24.491460      27.891827      30.638571      4.433269       5.629332       12.910569      16.428057      20.705803      31.051865      8.509181       10.765441      14.481285      19.738391      23.825351      25.442206      30.079230      31.659182      19.051354      20.930282      24.832964      28.276623      30.050859      33.082640      18.263778      20.807414      23.256115      23.758609      27.599461      29.945208      32.741865      34.544233      24.669544      26.997292      28.791050      29.915474      33.588309      35.042963      28.278204      28.506022      30.231760      32.005784      32.812041      35.168755      36.344758      36.669367      30.825082      31.900735      32.861632      33.583971      34.429621      35.651951      37.096189      37.244450      2.020723       1.807443       1.432610       24.632988      28.563837      14.470112      16.211071      25.373408      35.605139      
1.425298       2.059915       1.301388       1.480342       0.987769       1.242288       0.100965       1.615862       2.418166       1.195513       2.370304       0.837666       0.083132       1.297419       0.339968       2.310202       2.142674       0.000000       0.728040       1.003448       1.307838       2.483293       1.419678       0.495027       1.029804       0.322269       0.950033       0.456063       0.026877       0.805874       0.382200       0.571983       0.664922       1.221906       3.783026       6.812429       12.611732      17.936354      20.953712      24.589421      27.513517      1.976826       3.108964       8.975672       12.560591      16.924954      28.086390      4.283849       6.613594       10.256420      15.808927      20.238205      22.010323      27.055572      28.783536      14.907941      17.036919      21.276017      25.080558      27.043884      30.406288      13.852373      16.672441      19.409666      20.052819      24.310174      26.919552      30.023271      32.040306      21.023005      23.524825      25.563433      26.855169      30.908078      32.525700      25.106874      25.259340      27.137005      29.108233      30.067054      32.676851      33.985510      34.438032      27.995944      29.145152      30.187806      30.916505      31.916552      33.309791      34.889370      35.092265      0.330455       0.072355       1.194421       21.157633      25.391881      9.772504       11.749404      21.721799      33.239726      
4.237591       4.740694       3.750080       1.448197       2.649950       1.791881       1.930821       4.283945       2.243894       3.395035       2.657528       3.094337       1.957787       2.580804       0.665402       2.095757       2.224264       0.728040       0.000000       0.407304       2.529790       2.616606       1.969729       0.000000       0.015912       0.258157       0.018967       0.472413       1.439479       0.289874       0.018414       0.137872       0.430725       0.586556       8.014285       11.731438      18.052594      23.245576      25.954999      29.012255      31.187491      5.009829       6.906412       14.201383      17.995154      22.336516      31.819466      8.763377       11.513758      15.701955      21.373134      25.440005      26.949607      31.126374      32.402058      20.613571      22.579364      26.434271      29.602805      31.123126      33.543014      19.798202      22.454631      24.926474      25.415846      29.049927      31.139622      33.510007      34.907041      26.392961      28.530450      30.156423      31.143618      34.382582      35.614811      29.718500      29.909871      31.465345      33.015807      33.669950      35.710210      36.698999      36.754226      31.881415      32.782959      33.597084      34.295379      34.932674      35.923582      37.134088      37.180950      2.694466       0.085098       4.306839       26.162037      29.734999      15.485234      17.492839      27.007732      35.835327      
2.548527       2.963585       2.241024       0.184495       0.739626       0.341669       1.798494       2.472406       0.459911       1.781237       0.701224       1.068514       1.592483       1.699110       0.194340       0.509098       0.327226       1.003448       0.407304       0.000000       1.640646       0.723497       0.351012       0.466263       0.588383       0.088607       0.592923       0.063331       1.471997       0.712008       0.151535       0.335374       0.776610       0.000000       6.768669       12.115085      20.035915      25.539489      28.107341      30.830076      32.645416      3.700037       5.533962       15.381286      19.919332      24.592719      33.269357      8.580515       12.011887      17.268893      23.556952      27.577907      28.989445      32.709373      33.788263      22.741105      24.771500      28.490258      31.364869      32.688817      34.735689      21.842301      24.583998      27.023233      27.506625      30.869093      32.736059      34.816049      36.006190      28.293066      30.388440      31.847075      32.728731      35.673443      36.781386      31.286812      31.551827      33.019255      34.422881      34.987984      36.853111      37.751682      37.694774      33.189384      34.039753      34.805226      35.518193      36.050339      36.935449      38.048441      38.052854      1.553833       0.570861       2.058183       28.283735      31.488386      17.049422      19.354292      28.951719      36.853005      
1.016077       1.096790       0.737334       1.132483       1.292919       0.978381       1.271347       1.071967       2.259314       0.698959       2.573075       1.254071       1.082885       0.000000       0.550163       2.261393       1.928853       1.307838       2.529790       1.640646       0.000000       2.593536       1.244213       2.253271       2.923957       1.029554       2.816496       1.542632       1.292237       2.599407       1.706009       2.178773       2.459900       1.629044       6.098348       10.895763      18.630450      24.541193      27.435997      30.540532      32.519930      4.450614       5.798193       14.304630      18.586976      23.477600      33.143670      8.597496       11.580316      16.212668      22.419134      26.766673      28.366263      32.505207      33.660954      21.626051      23.748918      27.762161      30.984493      32.466625      34.571692      20.642658      23.509922      26.158458      26.675560      30.401220      32.483335      34.711255      35.856791      27.497768      29.835075      31.454517      32.438781      35.588983      36.726443      30.796120      31.106662      32.713392      34.216783      34.853178      36.779208      37.670564      37.473614      32.820770      33.725488      34.545189      35.329766      35.857641      36.727415      37.736327      37.669326      0.814307       1.565990       2.027096       27.596768      31.211338      16.026450      18.235296      28.243621      36.683500      
3.165758       3.513169       2.954973       0.611440       0.772959       0.733004       3.278432       2.993372       0.430066       2.394243       0.000000       1.280876       2.931165       2.663090       1.289038       0.432833       0.027450       2.483293       2.616606       0.723497       2.593536       0.000000       0.449664       2.547788       2.894783       1.298215       2.862185       0.909766       2.964413       2.548188       1.809476       2.014190       2.517104       0.605913       6.457511       10.576579      16.999083      22.298533      25.087102      28.439294      31.088022      4.610077       5.848238       13.257826      16.912325      21.282463      31.524121      8.589232       10.942011      14.838721      20.267674      24.407732      26.023132      30.592362      32.120390      19.542391      21.462972      25.400885      28.821221      30.561589      33.485912      18.738221      21.318889      23.803341      24.315371      28.147808      30.462032      33.190941      34.918749      25.231081      27.538670      29.320266      30.431281      34.035113      35.448448      28.822447      29.039704      30.743074      32.488033      33.270393      35.568644      36.706080      36.976088      31.326475      32.374449      33.309090      34.022829      34.831098      36.004204      37.396090      37.520014      2.453712       2.220082       2.139081       25.226543      29.107507      14.778315      16.607048      25.921723      35.947190      
1.325683       1.461042       1.135913       0.004347       0.075619       0.002355       1.955924       1.133823       0.289682       0.689735       0.410176       0.198623       1.602474       1.281829       0.200097       0.230419       0.098605       1.419678       1.969729       0.351012       1.244213       0.449664       0.000000       1.822927       2.305744       0.336078       2.276290       0.435931       1.747639       2.001606       0.997277       1.398026       1.932860       0.285071       6.339362       11.346318      18.366362      23.721884      26.470807      29.623332      31.928883      4.510294       5.906493       14.523534      18.326225      22.743894      32.426852      9.535702       12.132562      16.270012      21.792164      25.846538      27.389724      31.642431      32.971961      21.079077      23.005937      26.809433      30.027418      31.602796      34.101787      20.176000      22.798199      25.244362      25.754000      29.413160      31.557498      34.001496      35.448897      26.505732      28.830500      30.483842      31.511318      34.849614      36.123590      29.829617      30.136067      31.783641      33.387419      34.094176      36.203113      37.227602      37.292232      32.057935      33.047925      33.936534      34.696007      35.370204      36.407516      37.636366      37.679996      1.059634       1.294465       1.123289       26.625542      30.278532      16.214056      18.100790      27.258660      36.376457      
3.758221       4.299030       3.321419       1.427901       2.283590       1.647968       1.504446       3.825804       2.257916       3.002158       2.556644       2.643312       1.530379       2.297258       0.548358       2.105843       2.172404       0.495027       0.000000       0.466263       2.253271       2.547788       1.822927       0.000000       0.014693       0.219986       0.020392       0.384599       1.080623       0.236562       0.014928       0.112418       0.330629       0.647966       7.519366       10.911385      16.861447      22.053729      24.821572      27.999376      30.335953      4.386123       6.377894       13.168219      16.804412      21.113993      30.955107      8.057709       10.683296      14.544415      20.107079      24.258322      25.824396      30.189114      31.564707      19.310560      21.318384      25.263677      28.571162      30.185884      32.818439      18.454419      21.140572      23.678439      24.201139      27.974364      30.173346      32.702021      34.241745      25.209012      27.404681      29.120823      30.169455      33.577309      34.892660      28.712124      28.878403      30.492240      32.129882      32.843135      35.003364      36.061831      36.214700      31.031527      31.977787      32.832995      33.527509      34.243296      35.320832      36.618451      36.704501      2.201753       0.049883       3.789710       25.024746      28.736087      14.287170      16.220696      25.823631      35.231186      
4.537206       5.088329       4.138664       1.858029       2.785005       2.176850       2.386715       4.558426       2.609877       3.768087       2.913453       3.141906       2.372384       2.981277       1.043842       2.432772       2.504942       1.029804       0.015912       0.588383       2.923957       2.894783       2.305744       0.014693       0.000000       0.520961       0.000000       0.566784       1.847544       0.190258       0.106515       0.091922       0.356985       0.832349       7.776587       11.301076      17.048973      21.925406      24.565329      27.655519      30.034453      4.565150       6.501371       13.539195      17.007305      21.056848      30.613470      8.276136       11.007750      14.904706      20.128320      24.047426      25.537264      29.819153      31.222941      19.444473      21.293828      25.017085      28.208583      29.810893      32.525989      18.682615      21.171396      23.549384      24.019088      27.629190      29.786270      32.339799      33.963433      24.995497      27.099250      28.756037      29.784568      33.201994      34.550651      28.359887      28.525200      30.110475      31.744803      32.465759      34.667947      35.766327      36.008910      30.678212      31.634333      32.500083      33.182061      33.938248      35.068004      36.442438      36.569954      2.954617       0.185444       4.107250       24.764744      28.378085      14.714766      16.544008      25.589528      34.983318      
1.445549       1.813646       1.190422       0.188359       0.654448       0.231677       0.691351       1.498297       0.840167       0.954010       1.288987       0.827717       0.598764       1.037392       0.000000       0.842771       0.679176       0.322269       0.258157       0.088607       1.029554       1.298215       0.336078       0.219986       0.520961       0.000000       0.508004       0.174456       0.524395       0.698336       0.051009       0.360916       0.742156       0.097531       6.988293       12.446445      20.876023      26.980030      29.794497      32.609124      34.129982      3.843666       5.840132       15.936270      20.774225      25.942202      34.857505      8.804561       12.452414      17.956660      24.835228      29.245093      30.751577      34.447939      35.330730      23.933410      26.192760      30.235670      33.193330      34.429589      35.981468      22.928927      25.970900      28.661010      29.189159      32.718468      34.535974      36.341544      37.124437      30.058694      32.239433      33.694203      34.531791      37.217664      38.127975      33.090162      33.385559      34.819700      36.098809      36.561996      38.153790      38.857595      38.444256      34.758018      35.506068      36.178938      36.924817      37.245417      37.880534      38.686862      38.539554      0.700294       0.179376       1.927340       29.990444      33.283602      17.639797      20.179571      30.746100      37.802984      
